Simulation parameters:

Distribution: Poly Disperse - Log Normal 
Number of discrete sphere sizes: 101
Mean diameter of spheres: 18.5 um
Std. deviation: 0.25 um
Total Concentration (Spheres in a volume of 1mm^3): 1e+08

Wavelength Range: 390nm to 830nm in 2.5nm steps

Sphere and Medium Data:
Dia.(um)	Num. Den.(in a vol. of 1mm^3)	Ref. Index of sphere (real | imag)
6.6258	2038	1.333	0	1
7.01531	4794	1.333	0	1
7.40482	10260	1.333	0	1
7.79433	20227	1.333	0	1
8.18384	37102	1.333	0	1
8.57335	63857	1.333	0	1
8.96286	103874	1.333	0	1
9.35237	160679	1.333	0	1
9.74188	237611	1.333	0	1
10.1314	337453	1.333	0	1
10.5209	462092	1.333	0	1
10.9104	612244	1.333	0	1
11.2999	787277	1.333	0	1
11.6894	985164	1.333	0	1
12.0789	1.20256e+06	1.333	0	1
12.4684	1.43496e+06	1.333	0	1
12.858	1.677e+06	1.333	0	1
13.2475	1.92274e+06	1.333	0	1
13.637	2.16604e+06	1.333	0	1
14.0265	2.40085e+06	1.333	0	1
14.416	2.6215e+06	1.333	0	1
14.8055	2.823e+06	1.333	0	1
15.195	3.00116e+06	1.333	0	1
15.5845	3.15271e+06	1.333	0	1
15.974	3.27539e+06	1.333	0	1
16.3635	3.3679e+06	1.333	0	1
16.7531	3.42989e+06	1.333	0	1
17.1426	3.46182e+06	1.333	0	1
17.5321	3.46489e+06	1.333	0	1
17.9216	3.44092e+06	1.333	0	1
18.3111	3.39216e+06	1.333	0	1
18.7006	3.32121e+06	1.333	0	1
19.0901	3.23089e+06	1.333	0	1
19.4796	3.12411e+06	1.333	0	1
19.8691	3.00377e+06	1.333	0	1
20.2586	2.87273e+06	1.333	0	1
20.6482	2.73367e+06	1.333	0	1
21.0377	2.58911e+06	1.333	0	1
21.4272	2.44133e+06	1.333	0	1
21.8167	2.29239e+06	1.333	0	1
22.2062	2.14406e+06	1.333	0	1
22.5957	1.99789e+06	1.333	0	1
22.9852	1.85517e+06	1.333	0	1
23.3747	1.71694e+06	1.333	0	1
23.7642	1.58406e+06	1.333	0	1
24.1537	1.45715e+06	1.333	0	1
24.5433	1.33666e+06	1.333	0	1
24.9328	1.22291e+06	1.333	0	1
25.3223	1.11605e+06	1.333	0	1
25.7118	1.01613e+06	1.333	0	1
26.1013	923083	1.333	0	1
26.4908	836788	1.333	0	1
26.8803	757044	1.333	0	1
27.2698	683602	1.333	0	1
27.6593	616179	1.333	0	1
28.0488	554463	1.333	0	1
28.4384	498126	1.333	0	1
28.8279	446832	1.333	0	1
29.2174	400241	1.333	0	1
29.6069	358020	1.333	0	1
29.9964	319837	1.333	0	1
30.3859	285377	1.333	0	1
30.7754	254335	1.333	0	1
31.1649	226420	1.333	0	1
31.5544	201360	1.333	0	1
31.9439	178897	1.333	0	1
32.3335	158792	1.333	0	1
32.723	140822	1.333	0	1
33.1125	124782	1.333	0	1
33.502	110482	1.333	0	1
33.8915	97749	1.333	0	1
34.281	86422	1.333	0	1
34.6705	76357	1.333	0	1
35.06	67422	1.333	0	1
35.4495	59497	1.333	0	1
35.839	52475	1.333	0	1
36.2286	46258	1.333	0	1
36.6181	40757	1.333	0	1
37.0076	35893	1.333	0	1
37.3971	31597	1.333	0	1
37.7866	27803	1.333	0	1
38.1761	24456	1.333	0	1
38.5656	21504	1.333	0	1
38.9551	18902	1.333	0	1
39.3446	16610	1.333	0	1
39.7341	14591	1.333	0	1
40.1237	12815	1.333	0	1
40.5132	11251	1.333	0	1
40.9027	9877	1.333	0	1
41.2922	8668	1.333	0	1
41.6817	7606	1.333	0	1
42.0712	6673	1.333	0	1
42.4607	5854	1.333	0	1
42.8502	5134	1.333	0	1
43.2397	4502	1.333	0	1
43.6292	3948	1.333	0	1
44.0188	3461	1.333	0	1
44.4083	3034	1.333	0	1
44.7978	2660	1.333	0	1
45.1873	2332	1.333	0	1
45.5768	2044	1.333	0	1


Output:


Scattering Coefficient (us), g and Reduced Scattering Coefficient (us'):
WL(nm)	us(mm^-1)	g	us'(mm^-1)
390	62898.6	0.870216	8163.22
392.5	62903	0.870254	8161.4
395	62897.7	0.870396	8151.77
397.5	62928.8	0.869988	8181.47
400	62912.9	0.870281	8160.97
402.5	62930.7	0.870064	8176.95
405	62924.3	0.870192	8168.05
407.5	62952.8	0.870045	8181.04
410	62918.4	0.870362	8156.61
412.5	63025.5	0.86897	8258.24
415	62986.7	0.869515	8218.79
417.5	62985.5	0.86957	8215.2
420	62968.5	0.870067	8181.7
422.5	62984.2	0.869714	8205.96
425	62957	0.870258	8168.17
427.5	63039.8	0.868965	8260.44
430	62972.7	0.869701	8205.27
432.5	63042.8	0.869041	8256
435	63052.6	0.86893	8264.33
437.5	63050.4	0.869034	8257.48
440	63092.4	0.868522	8295.26
442.5	63069.5	0.868881	8269.62
445	63076.8	0.868716	8280.96
447.5	63179.8	0.867408	8377.11
450	63082.8	0.868873	8271.85
452.5	63079.9	0.869022	8262.04
455	63102.3	0.868589	8292.35
457.5	63072	0.869013	8261.6
460	63104.6	0.868662	8288.06
462.5	63080.6	0.868926	8268.21
465	63138	0.868255	8318.13
467.5	63158.3	0.868037	8334.54
470	63166.9	0.867949	8341.25
472.5	63175.1	0.867864	8347.73
475	63181.7	0.867832	8350.58
477.5	63170.4	0.868049	8335.41
480	63200.7	0.867356	8383.19
482.5	63218	0.867749	8360.67
485	63249.5	0.867563	8376.58
487.5	63207.5	0.869659	8238.54
490	62942.5	0.873206	7980.74
492.5	63298.4	0.863671	8629.43
495	63261.1	0.867335	8392.55
497.5	63249	0.866746	8428.16
500	63244.9	0.867109	8404.66
502.5	63240.8	0.86756	8375.65
505	63263.1	0.867173	8403.07
507.5	63275.2	0.867039	8413.1
510	63272.4	0.867202	8402.47
512.5	63310.8	0.866604	8445.4
515	63304.4	0.866825	8430.53
517.5	63327.2	0.866375	8462.09
520	63308.3	0.866959	8422.58
522.5	63300	0.866895	8425.58
525	63303	0.86694	8423.11
527.5	63339.4	0.866505	8455.49
530	63324.8	0.866688	8441.96
532.5	63348.2	0.866443	8460.6
535	63362.4	0.866259	8474.13
537.5	63361	0.866334	8469.22
540	63392.5	0.866013	8493.8
542.5	63399.9	0.865843	8505.55
545	63378.2	0.86622	8478.72
547.5	63418.3	0.865702	8516.97
550	63419.4	0.865739	8514.78
552.5	63417	0.865675	8518.46
555	63460.3	0.86524	8551.91
557.5	63423.9	0.865798	8511.6
560	63267.8	0.867949	8354.57
562.5	63485.4	0.865038	8568.14
565	63471	0.865236	8553.62
567.5	63532.3	0.864493	8609.09
570	63467	0.865362	8545.05
572.5	63486.6	0.865116	8563.3
575	63463.5	0.865511	8535.13
577.5	63481.2	0.865307	8550.45
580	63452.8	0.865598	8528.21
582.5	63542.8	0.864598	8603.81
585	63500.7	0.865062	8568.63
587.5	63515.6	0.865324	8554.04
590	63502.8	0.865655	8531.3
592.5	63554.3	0.864568	8607.3
595	63576.7	0.864483	8615.74
597.5	63553.2	0.864556	8607.88
600	63469.4	0.865389	8543.69
602.5	63443.4	0.865866	8509.92
605	63608.5	0.863919	8655.92
607.5	63612.4	0.863953	8654.25
610	63566.9	0.864577	8608.42
612.5	63584.2	0.864381	8623.24
615	63598.9	0.86421	8636.11
617.5	63593.3	0.864263	8631.97
620	63629	0.863889	8660.58
622.5	63606.3	0.864193	8638.2
625	63643.9	0.863733	8672.56
627.5	63638.6	0.863871	8663.04
630	63663.1	0.86354	8687.48
632.5	63635.9	0.864063	8650.49
635	63655.3	0.863716	8675.18
637.5	63677	0.863368	8700.3
640	63508.9	0.865762	8525.32
642.5	63675	0.863618	8684.11
645	63687.6	0.863379	8701.06
647.5	63639.9	0.864041	8652.42
650	63672.4	0.863666	8680.69
652.5	63765	0.862464	8770
655	63731.9	0.862976	8732.82
657.5	63716.4	0.863209	8715.84
660	63735.5	0.86294	8735.59
662.5	63772.1	0.862658	8758.58
665	63750.8	0.862832	8744.57
667.5	63783.9	0.862704	8757.26
670	63786.7	0.862128	8794.39
672.5	63767.8	0.862823	8747.5
675	63807.7	0.862496	8773.79
677.5	63779.4	0.862206	8788.41
680	63806.2	0.86245	8776.53
682.5	63773.2	0.862754	8752.59
685	63885.7	0.861199	8867.43
687.5	63889.5	0.861277	8862.94
690	63779.4	0.862822	8749.16
692.5	63863.1	0.861667	8834.34
695	63821.6	0.862262	8790.64
697.5	63865.5	0.8617	8832.59
700	63832.3	0.862125	8800.86
702.5	63864.2	0.861787	8826.84
705	63867	0.861848	8823.34
707.5	63842.2	0.862084	8804.89
710	63981.1	0.860284	8939.16
712.5	63907	0.861463	8853.48
715	63884	0.8617	8835.18
717.5	63879.3	0.861452	8850.32
720	63951.9	0.861272	8871.89
722.5	64007.4	0.860631	8920.65
725	63779.7	0.860899	8871.83
727.5	63914.5	0.8637	8711.52
730	64096.7	0.861111	8902.34
732.5	64051.5	0.852903	9421.78
735	63545.9	0.87096	8199.94
737.5	64355.3	0.858701	9093.31
740	63934.6	0.856223	9192.33
742.5	63737.7	0.865515	8571.74
745	64020.2	0.861736	8851.7
747.5	64179.1	0.858414	9086.9
750	63763.9	0.863257	8719.27
752.5	64086.4	0.859206	9022.98
755	64019.2	0.860644	8921.43
757.5	64032.6	0.860123	8956.68
760	64064.2	0.859786	8982.68
762.5	64001.4	0.860771	8910.86
765	64027	0.860453	8934.78
767.5	64036.6	0.860096	8958.95
770	64074.2	0.8599	8976.79
772.5	64052.3	0.860218	8953.39
775	64047.6	0.860162	8956.3
777.5	64069.6	0.859956	8972.55
780	64082.5	0.859839	8981.85
782.5	64104.2	0.859577	9001.71
785	64074.9	0.859981	8971.72
787.5	64076.8	0.859992	8971.26
790	64096.6	0.859763	8988.72
792.5	64130.6	0.859337	9020.77
795	64117.4	0.859546	9005.55
797.5	64101.3	0.859781	8988.22
800	64116.1	0.859629	9000.06
802.5	64192.9	0.858622	9075.46
805	64141.9	0.859297	9024.96
807.5	64151.1	0.859202	9032.31
810	64162.6	0.859117	9039.41
812.5	64154.8	0.859245	9030.12
815	64106.5	0.859866	8983.47
817.5	64174.2	0.859061	9044.62
820	64138.6	0.859487	9012.28
822.5	64218.2	0.858533	9084.73
825	64195.6	0.858906	9057.6
827.5	64194.6	0.858863	9060.24
830	64179.1	0.859143	9040.09

Scattering (Csca), Extinction (Cext) and Backscattering (Cback) Cross Sections:
WL(nm)	Csca(um^2)	Cext(um^2)	Cback(um^2)
390	628.986	628.986	455.013
392.5	629.03	629.03	449.264
395	628.977	628.977	411.091
397.5	629.288	629.288	474.117
400	629.129	629.129	433.325
402.5	629.307	629.307	444.905
405	629.243	629.243	362.154
407.5	629.528	629.528	427
410	629.184	629.184	399.278
412.5	630.255	630.255	539.853
415	629.867	629.867	413.968
417.5	629.855	629.855	453.508
420	629.685	629.685	417.232
422.5	629.842	629.842	404.118
425	629.57	629.57	336.342
427.5	630.398	630.398	448.178
430	629.727	629.727	422.222
432.5	630.428	630.428	470.826
435	630.526	630.526	459.602
437.5	630.504	630.504	456.025
440	630.924	630.924	491.642
442.5	630.695	630.695	384.553
445	630.768	630.768	396.043
447.5	631.798	631.798	486.686
450	630.828	630.828	405.847
452.5	630.798	630.798	404.818
455	631.023	631.023	406.707
457.5	630.72	630.72	410.94
460	631.046	631.046	396.63
462.5	630.806	630.806	344.256
465	631.38	631.38	439.311
467.5	631.583	631.583	464.297
470	631.669	631.669	451.472
472.5	631.751	631.751	449.844
475	631.817	631.817	425.506
477.5	631.704	631.704	421.402
480	632.007	632.007	441.767
482.5	632.18	632.18	469.554
485	632.495	632.495	400.377
487.5	632.075	632.075	393.277
490	629.425	629.425	506.239
492.5	632.984	632.984	686.321
495	632.611	632.611	394.71
497.5	632.49	632.49	432.267
500	632.449	632.449	315.597
502.5	632.408	632.408	416.055
505	632.631	632.631	454.487
507.5	632.752	632.752	425.426
510	632.724	632.724	220.029
512.5	633.108	633.108	499.525
515	633.044	633.044	452.31
517.5	633.272	633.272	417.295
520	633.083	633.083	368.672
522.5	633	633	428.969
525	633.03	633.03	400.609
527.5	633.394	633.394	445.904
530	633.248	633.248	409.676
532.5	633.482	633.482	434.887
535	633.624	633.624	465.289
537.5	633.61	633.61	425.609
540	633.925	633.925	359.447
542.5	633.999	633.999	442.201
545	633.782	633.782	414.034
547.5	634.183	634.183	461.862
550	634.194	634.194	417.591
552.5	634.17	634.17	421.917
555	634.603	634.603	464.619
557.5	634.239	634.239	416.159
560	632.678	632.678	359.175
562.5	634.854	634.854	415.58
565	634.71	634.71	484.444
567.5	635.323	635.323	481.309
570	634.67	634.67	430.405
572.5	634.866	634.866	379.933
575	634.635	634.635	377.716
577.5	634.812	634.812	429.745
580	634.528	634.528	364.822
582.5	635.428	635.428	439.025
585	635.007	635.007	423.082
587.5	635.155	635.155	418.326
590	635.028	635.028	370.806
592.5	635.543	635.543	419.849
595	635.767	635.767	423.796
597.5	635.532	635.532	415.509
600	634.694	634.694	333.873
602.5	634.434	634.434	436.836
605	636.085	636.085	440.979
607.5	636.124	636.124	461.543
610	635.669	635.669	415.438
612.5	635.842	635.842	396.381
615	635.989	635.989	405.759
617.5	635.932	635.932	348.576
620	636.29	636.29	420.049
622.5	636.063	636.063	380.864
625	636.439	636.439	432.564
627.5	636.386	636.386	415.037
630	636.631	636.631	460.988
632.5	636.359	636.359	403.881
635	636.553	636.553	406.733
637.5	636.77	636.77	393.034
640	635.089	635.089	338.944
642.5	636.75	636.75	381.469
645	636.876	636.876	414.7
647.5	636.399	636.399	353.232
650	636.724	636.724	366.229
652.5	637.65	637.65	449.753
655	637.319	637.319	419.347
657.5	637.164	637.164	401.807
660	637.355	637.355	427.408
662.5	637.721	637.721	451
665	637.508	637.508	380.305
667.5	637.839	637.839	444.273
670	637.867	637.867	438.245
672.5	637.678	637.678	400.739
675	638.077	638.077	489.617
677.5	637.794	637.794	412.487
680	638.062	638.062	364.856
682.5	637.732	637.732	374.378
685	638.857	638.857	444.169
687.5	638.895	638.895	453.833
690	637.794	637.794	387.743
692.5	638.631	638.631	443.979
695	638.216	638.216	414.044
697.5	638.655	638.655	447.961
700	638.323	638.323	400.03
702.5	638.642	638.642	432.068
705	638.67	638.67	410.126
707.5	638.422	638.422	384.297
710	639.811	639.811	541.728
712.5	639.07	639.07	373.239
715	638.84	638.84	399.155
717.5	638.793	638.793	420.369
720	639.519	639.519	383.811
722.5	640.074	640.074	463.573
725	637.797	637.797	409.799
727.5	639.145	639.145	392.846
730	640.967	640.967	358.183
732.5	640.515	640.515	576.127
735	635.459	635.459	304.287
737.5	643.553	643.553	236.914
740	639.346	639.346	642.139
742.5	637.377	637.377	300.438
745	640.202	640.202	350.689
747.5	641.791	641.791	523.239
750	637.639	637.639	369.307
752.5	640.864	640.864	317.256
755	640.192	640.192	390.848
757.5	640.326	640.326	412.455
760	640.642	640.642	476.939
762.5	640.014	640.014	498.036
765	640.27	640.27	138.307
767.5	640.366	640.366	583.046
770	640.742	640.742	468.902
772.5	640.523	640.523	318.274
775	640.476	640.476	390.54
777.5	640.696	640.696	497.781
780	640.825	640.825	381.39
782.5	641.042	641.042	416.156
785	640.749	640.749	429.164
787.5	640.768	640.768	389.023
790	640.966	640.966	397.968
792.5	641.306	641.306	432.016
795	641.174	641.174	404.573
797.5	641.013	641.013	409.295
800	641.161	641.161	382.89
802.5	641.929	641.929	421.466
805	641.419	641.419	450.41
807.5	641.511	641.511	471.757
810	641.626	641.626	361.648
812.5	641.548	641.548	465.461
815	641.065	641.065	405.983
817.5	641.742	641.742	372.607
820	641.386	641.386	376.479
822.5	642.182	642.182	461.445
825	641.956	641.956	375.628
827.5	641.945	641.945	388.933
830	641.791	641.791	388.965

Forward and Backward Scattering percentages:
WL(nm)	Forward %	Backward %
390	96.5799	3.4201
392.5	96.5836	3.41639
395	96.5906	3.4094
397.5	96.5751	3.42485
400	96.5904	3.40955
402.5	96.579	3.42098
405	96.5861	3.41386
407.5	96.5625	3.43751
410	96.5879	3.41206
412.5	96.5333	3.46672
415	96.5629	3.4371
417.5	96.5602	3.43976
420	96.5775	3.4225
422.5	96.566	3.43396
425	96.5979	3.4021
427.5	96.5328	3.46724
430	96.5806	3.41941
432.5	96.5441	3.45592
435	96.5403	3.45974
437.5	96.5385	3.46148
440	96.5197	3.48032
442.5	96.5382	3.46183
445	96.5321	3.4679
447.5	96.505	3.49501
450	96.5503	3.44975
452.5	96.5424	3.45763
455	96.5327	3.46733
457.5	96.5335	3.46653
460	96.5412	3.45881
462.5	96.5533	3.44667
465	96.5124	3.48759
467.5	96.505	3.49504
470	96.5093	3.49067
472.5	96.5	3.49997
475	96.504	3.49604
477.5	96.5075	3.49249
480	96.4824	3.51755
482.5	96.4974	3.5026
485	96.5071	3.49291
487.5	96.5755	3.42445
490	96.6648	3.33519
492.5	96.4299	3.57014
495	96.4697	3.53029
497.5	96.4426	3.55743
500	96.4556	3.5444
502.5	96.4795	3.52051
505	96.4697	3.53026
507.5	96.4807	3.51926
510	96.4838	3.51617
512.5	96.4603	3.53971
515	96.4695	3.53049
517.5	96.4535	3.54647
520	96.4817	3.51825
522.5	96.472	3.52801
525	96.4758	3.52421
527.5	96.4623	3.5377
530	96.472	3.52797
532.5	96.452	3.54799
535	96.4476	3.55243
537.5	96.4535	3.54646
540	96.4425	3.55746
542.5	96.4417	3.55829
545	96.4525	3.54746
547.5	96.4349	3.56515
550	96.4319	3.56809
552.5	96.4351	3.56488
555	96.4164	3.58355
557.5	96.4415	3.55851
560	96.5263	3.47372
562.5	96.4143	3.5857
565	96.3961	3.60388
567.5	96.3923	3.60773
570	96.4198	3.5802
572.5	96.411	3.58902
575	96.4307	3.56934
577.5	96.4129	3.58711
580	96.4315	3.56847
582.5	96.3753	3.62475
585	96.4059	3.59415
587.5	96.4217	3.57826
590	96.4313	3.5687
592.5	96.3797	3.62026
595	96.401	3.59896
597.5	96.3848	3.61518
600	96.3989	3.60106
602.5	96.4487	3.55129
605	96.3746	3.62539
607.5	96.3717	3.62827
610	96.3935	3.60651
612.5	96.3904	3.60962
615	96.3864	3.6136
617.5	96.3874	3.6126
620	96.3673	3.63268
622.5	96.3793	3.62073
625	96.3639	3.6361
627.5	96.3837	3.6163
630	96.3475	3.65255
632.5	96.3823	3.61772
635	96.365	3.63502
637.5	96.3462	3.65382
640	96.4568	3.54321
642.5	96.348	3.65198
645	96.3543	3.64566
647.5	96.3753	3.62472
650	96.3542	3.64583
652.5	96.3224	3.67762
655	96.3504	3.64959
657.5	96.3515	3.64855
660	96.3388	3.66121
662.5	96.3181	3.68193
665	96.3297	3.67029
667.5	96.3248	3.67524
670	96.3135	3.68647
672.5	96.3115	3.68855
675	96.3451	3.6549
677.5	96.3032	3.69681
680	96.3214	3.67858
682.5	96.3256	3.67444
685	96.2661	3.73385
687.5	96.2809	3.71905
690	96.3342	3.66577
692.5	96.2855	3.71453
695	96.3161	3.68386
697.5	96.2967	3.70326
700	96.3226	3.67738
702.5	96.296	3.70402
705	96.3004	3.69959
707.5	96.3095	3.69053
710	96.2431	3.75689
712.5	96.2907	3.7093
715	96.2973	3.70272
717.5	96.2846	3.71539
720	96.2839	3.71609
722.5	96.2625	3.73746
725	96.2633	3.73668
727.5	96.3123	3.6877
730	96.3712	3.62881
732.5	95.9244	4.07563
735	96.6557	3.34433
737.5	96.1342	3.86578
740	96.2051	3.79489
742.5	96.4165	3.58349
745	96.2828	3.71722
747.5	96.2016	3.79845
750	96.3529	3.64715
752.5	96.2142	3.78579
755	96.2343	3.76566
757.5	96.2726	3.72742
760	96.2491	3.75094
762.5	96.2576	3.74237
765	96.2577	3.74226
767.5	96.2339	3.76612
770	96.2367	3.76328
772.5	96.2445	3.75546
775	96.2441	3.75592
777.5	96.2395	3.76054
780	96.2307	3.76932
782.5	96.2314	3.76858
785	96.2342	3.76581
787.5	96.2403	3.75973
790	96.2299	3.77013
792.5	96.2138	3.78617
795	96.2238	3.77616
797.5	96.2304	3.76961
800	96.2246	3.7754
802.5	96.2102	3.78985
805	96.2086	3.79142
807.5	96.2158	3.78416
810	96.2103	3.78967
812.5	96.2126	3.78743
815	96.2415	3.75849
817.5	96.2159	3.78413
820	96.2282	3.77182
822.5	96.1992	3.80077
825	96.2022	3.79779
827.5	96.2016	3.79842
830	96.2099	3.79012

