Simulation parameters:

Distribution: Poly Disperse - Log Normal 
Number of discrete sphere sizes: 101
Mean diameter of spheres: 9.5 um
Std. deviation: 0.25 um
Total Concentration (Spheres in a volume of 1mm^3): 1e+08

Wavelength Range: 390nm to 830nm in 2.5nm steps

Sphere and Medium Data:
Dia.(um)	Num. Den.(in a vol. of 1mm^3)	Ref. Index of sphere (real | imag)
3.40244	2038	1.333	0	1
3.60246	4794	1.333	0	1
3.80247	10260	1.333	0	1
4.00249	20227	1.333	0	1
4.20251	37102	1.333	0	1
4.40253	63857	1.333	0	1
4.60255	103874	1.333	0	1
4.80257	160679	1.333	0	1
5.00259	237611	1.333	0	1
5.2026	337453	1.333	0	1
5.40262	462092	1.333	0	1
5.60264	612244	1.333	0	1
5.80266	787277	1.333	0	1
6.00268	985164	1.333	0	1
6.2027	1.20256e+06	1.333	0	1
6.40272	1.43496e+06	1.333	0	1
6.60274	1.677e+06	1.333	0	1
6.80275	1.92274e+06	1.333	0	1
7.00277	2.16604e+06	1.333	0	1
7.20279	2.40085e+06	1.333	0	1
7.40281	2.6215e+06	1.333	0	1
7.60283	2.823e+06	1.333	0	1
7.80285	3.00116e+06	1.333	0	1
8.00287	3.15271e+06	1.333	0	1
8.20288	3.27539e+06	1.333	0	1
8.4029	3.3679e+06	1.333	0	1
8.60292	3.42989e+06	1.333	0	1
8.80294	3.46182e+06	1.333	0	1
9.00296	3.46489e+06	1.333	0	1
9.20298	3.44092e+06	1.333	0	1
9.403	3.39216e+06	1.333	0	1
9.60301	3.32121e+06	1.333	0	1
9.80303	3.23089e+06	1.333	0	1
10.0031	3.12411e+06	1.333	0	1
10.2031	3.00377e+06	1.333	0	1
10.4031	2.87273e+06	1.333	0	1
10.6031	2.73367e+06	1.333	0	1
10.8031	2.58911e+06	1.333	0	1
11.0031	2.44133e+06	1.333	0	1
11.2032	2.29239e+06	1.333	0	1
11.4032	2.14406e+06	1.333	0	1
11.6032	1.99789e+06	1.333	0	1
11.8032	1.85517e+06	1.333	0	1
12.0032	1.71694e+06	1.333	0	1
12.2033	1.58406e+06	1.333	0	1
12.4033	1.45715e+06	1.333	0	1
12.6033	1.33666e+06	1.333	0	1
12.8033	1.22291e+06	1.333	0	1
13.0033	1.11605e+06	1.333	0	1
13.2034	1.01613e+06	1.333	0	1
13.4034	923083	1.333	0	1
13.6034	836788	1.333	0	1
13.8034	757044	1.333	0	1
14.0034	683602	1.333	0	1
14.2034	616179	1.333	0	1
14.4035	554463	1.333	0	1
14.6035	498126	1.333	0	1
14.8035	446832	1.333	0	1
15.0035	400241	1.333	0	1
15.2035	358020	1.333	0	1
15.4036	319837	1.333	0	1
15.6036	285377	1.333	0	1
15.8036	254335	1.333	0	1
16.0036	226420	1.333	0	1
16.2036	201360	1.333	0	1
16.4036	178897	1.333	0	1
16.6037	158792	1.333	0	1
16.8037	140822	1.333	0	1
17.0037	124782	1.333	0	1
17.2037	110482	1.333	0	1
17.4037	97749	1.333	0	1
17.6038	86422	1.333	0	1
17.8038	76357	1.333	0	1
18.0038	67422	1.333	0	1
18.2038	59497	1.333	0	1
18.4038	52475	1.333	0	1
18.6039	46258	1.333	0	1
18.8039	40757	1.333	0	1
19.0039	35893	1.333	0	1
19.2039	31597	1.333	0	1
19.4039	27803	1.333	0	1
19.6039	24456	1.333	0	1
19.804	21504	1.333	0	1
20.004	18902	1.333	0	1
20.204	16610	1.333	0	1
20.404	14591	1.333	0	1
20.604	12815	1.333	0	1
20.8041	11251	1.333	0	1
21.0041	9877	1.333	0	1
21.2041	8668	1.333	0	1
21.4041	7606	1.333	0	1
21.6041	6673	1.333	0	1
21.8042	5854	1.333	0	1
22.0042	5134	1.333	0	1
22.2042	4502	1.333	0	1
22.4042	3948	1.333	0	1
22.6042	3461	1.333	0	1
22.8042	3034	1.333	0	1
23.0043	2660	1.333	0	1
23.2043	2332	1.333	0	1
23.4043	2044	1.333	0	1


Output:


Scattering Coefficient (us), g and Reduced Scattering Coefficient (us'):
WL(nm)	us(mm^-1)	g	us'(mm^-1)
390	16925.9	0.858177	2400.48
392.5	16894.2	0.859968	2365.73
395	16897.7	0.85972	2370.4
397.5	16889.6	0.860157	2361.9
400	16891	0.860199	2361.38
402.5	16900.9	0.859748	2370.37
405	16899.8	0.859825	2368.94
407.5	16910	0.859361	2378.21
410	16915.4	0.859197	2381.74
412.5	16918.1	0.859073	2384.22
415	16916.4	0.859267	2380.7
417.5	16937.7	0.858218	2401.46
420	16949.8	0.857676	2412.37
422.5	16933.3	0.858551	2395.2
425	16925.4	0.859004	2386.41
427.5	16936	0.858559	2395.44
430	16925.6	0.85906	2385.49
432.5	16947.5	0.858014	2406.3
435	16948.4	0.858133	2404.41
437.5	16950.6	0.858284	2402.16
440	16942.2	0.858435	2398.43
442.5	16956.7	0.85782	2410.89
445	16984	0.8565	2437.2
447.5	16965.7	0.857502	2417.58
450	16963.6	0.857626	2415.18
452.5	16969.6	0.857404	2419.79
455	16995.5	0.856221	2443.61
457.5	16988.8	0.856475	2438.32
460	16925.3	0.859599	2376.33
462.5	16969.1	0.857843	2412.28
465	16987.9	0.856718	2434.06
467.5	16976	0.85736	2421.46
470	16988.6	0.856823	2432.36
472.5	16995.9	0.856509	2438.75
475	16992.2	0.856702	2434.95
477.5	17010.8	0.855881	2451.58
480	17018.4	0.855513	2458.93
482.5	17013.3	0.855859	2452.31
485	16997.4	0.856646	2436.65
487.5	17039.3	0.854672	2476.3
490	17044.6	0.854474	2480.43
492.5	17042.1	0.854636	2477.3
495	17042.7	0.854719	2475.99
497.5	17020.8	0.855848	2453.59
500	17030.3	0.85523	2465.47
502.5	17058	0.854524	2481.52
505	17027.6	0.856315	2446.61
507.5	17035.8	0.855107	2468.37
510	17023	0.855925	2452.6
512.5	17033.1	0.855032	2469.26
515	17141.7	0.850291	2566.27
517.5	17060.7	0.854531	2481.82
520	17061.6	0.854078	2489.66
522.5	17099.2	0.852458	2522.86
525	17049.7	0.855065	2471.09
527.5	17076.6	0.85376	2497.29
530	17073.4	0.853529	2500.76
532.5	17072.2	0.853757	2496.69
535	17083.1	0.85378	2497.9
537.5	17082.1	0.853775	2497.83
540	17083.8	0.853372	2504.96
542.5	17079.1	0.853632	2499.83
545	17097.9	0.852957	2514.12
547.5	17086.5	0.853642	2500.74
550	17118.4	0.851996	2533.6
552.5	17112.1	0.852272	2527.94
555	17102.7	0.852912	2515.6
557.5	17121.9	0.851957	2534.77
560	17115.3	0.852359	2526.92
562.5	17111.5	0.852551	2523.07
565	17136.7	0.851428	2546.03
567.5	17119.8	0.852277	2528.98
570	17121.1	0.852143	2531.49
572.5	17118.1	0.852615	2522.94
575	17083.9	0.854152	2491.65
577.5	17091.9	0.85352	2503.63
580	17171	0.849972	2576.13
582.5	17169.7	0.850273	2570.76
585	17125.8	0.852339	2528.8
587.5	17140.6	0.851622	2543.28
590	17151.9	0.851038	2554.99
592.5	17177.9	0.849748	2581.02
595	17160.3	0.850891	2558.76
597.5	17178	0.850235	2572.66
600	17162.8	0.850784	2560.96
602.5	17169	0.850203	2571.87
605	17195.9	0.849079	2595.21
607.5	17206.8	0.848809	2601.52
610	17190	0.849789	2582.12
612.5	17169.8	0.850966	2558.89
615	17174.4	0.850495	2567.65
617.5	17175.4	0.850287	2571.38
620	17194.1	0.849517	2587.42
622.5	17221.2	0.848323	2612.05
625	17209.8	0.848961	2599.36
627.5	17204.5	0.849244	2593.69
630	17205.6	0.849279	2593.24
632.5	17202.8	0.849422	2590.36
635	17214.6	0.848868	2601.67
637.5	17229	0.848186	2615.62
640	17212.4	0.848894	2600.91
642.5	17214	0.848991	2599.47
645	17201.8	0.84962	2586.81
647.5	17208.5	0.849444	2590.84
650	17253.9	0.847284	2634.94
652.5	17230.5	0.84841	2611.97
655	17241.5	0.84786	2623.13
657.5	17247.5	0.847523	2629.85
660	17235.4	0.848299	2614.63
662.5	17259.8	0.847215	2637.04
665	17269.2	0.846659	2648.07
667.5	17252.2	0.847561	2629.91
670	17271.8	0.846629	2648.99
672.5	17254.6	0.847506	2631.22
675	17254.1	0.847678	2628.18
677.5	17287.7	0.84618	2659.21
680	17259.1	0.847602	2630.26
682.5	17292.3	0.845621	2669.57
685	17282.4	0.845904	2663.16
687.5	17276.4	0.846563	2650.85
690	17278	0.847364	2637.25
692.5	17290.1	0.846855	2647.88
695	17287	0.846103	2660.41
697.5	17279.4	0.846049	2660.17
700	17291.7	0.845964	2663.55
702.5	17311	0.845625	2672.37
705	17307.6	0.845936	2666.48
707.5	17306.4	0.845731	2669.84
710	17306.1	0.845417	2675.23
712.5	17326.9	0.844249	2698.69
715	17308.5	0.845344	2676.85
717.5	17304.4	0.846158	2662.15
720	17306	0.846678	2653.4
722.5	17321.1	0.845966	2668.03
725	17334.2	0.84454	2694.77
727.5	17350.8	0.842696	2729.36
730	17313.4	0.84407	2699.68
732.5	17306.3	0.845002	2682.44
735	17312.5	0.846078	2664.76
737.5	17330	0.846862	2653.88
740	17345.6	0.847498	2645.24
742.5	17392.6	0.844692	2701.2
745	17439.7	0.838746	2812.22
747.5	17385.1	0.835903	2852.83
750	17218.1	0.842485	2712.1
752.5	17139.9	0.855196	2481.92
755	17286.9	0.857345	2466.06
757.5	17582.8	0.843809	2746.28
760	17628	0.829277	3009.5
762.5	17372.8	0.834696	2871.8
765	17221	0.843278	2698.91
767.5	17166.9	0.853685	2511.76
770	17305.6	0.850714	2583.49
772.5	17637.2	0.834761	2914.36
775	17359	0.844205	2704.45
777.5	17531.7	0.836815	2860.9
780	17387.6	0.84203	2746.71
782.5	17350	0.844039	2705.93
785	17371.3	0.843122	2725.18
787.5	17339	0.844784	2691.28
790	17374.5	0.843544	2718.35
792.5	17422.5	0.841979	2753.12
795	17438.2	0.841261	2768.13
797.5	17399	0.842908	2733.24
800	17379.3	0.843556	2718.89
802.5	17426.1	0.841189	2767.46
805	17424.3	0.841342	2764.51
807.5	17418.4	0.841765	2756.2
810	17417.7	0.841934	2753.15
812.5	17440	0.840963	2773.6
815	17431.5	0.841401	2764.63
817.5	17430.8	0.841443	2763.78
820	17433.9	0.841329	2766.25
822.5	17450.2	0.840565	2782.18
825	17436.8	0.841256	2767.98
827.5	17440.3	0.841151	2770.38
830	17458.8	0.840298	2788.21

Scattering (Csca), Extinction (Cext) and Backscattering (Cback) Cross Sections:
WL(nm)	Csca(um^2)	Cext(um^2)	Cback(um^2)
390	169.259	169.259	161.589
392.5	168.942	168.942	50.2838
395	168.977	168.977	161.251
397.5	168.896	168.896	95.8607
400	168.91	168.91	102.032
402.5	169.009	169.009	119.42
405	168.998	168.998	100.012
407.5	169.1	169.1	112.381
410	169.154	169.154	122.598
412.5	169.181	169.181	113.739
415	169.164	169.164	104.026
417.5	169.377	169.377	152.994
420	169.498	169.498	129.769
422.5	169.333	169.333	109.292
425	169.254	169.254	102.039
427.5	169.36	169.36	112.479
430	169.256	169.256	97.8091
432.5	169.475	169.475	118.962
435	169.484	169.484	117.045
437.5	169.506	169.506	106.651
440	169.422	169.422	98.4049
442.5	169.567	169.567	113.619
445	169.84	169.84	105.59
447.5	169.657	169.657	115.063
450	169.636	169.636	110.844
452.5	169.696	169.696	107.137
455	169.955	169.955	111.736
457.5	169.888	169.888	110.288
460	169.253	169.253	86.5892
462.5	169.691	169.691	97.052
465	169.879	169.879	116.859
467.5	169.76	169.76	100.134
470	169.886	169.886	109.853
472.5	169.959	169.959	109.873
475	169.922	169.922	90.1484
477.5	170.108	170.108	116.985
480	170.184	170.184	108.883
482.5	170.133	170.133	102.925
485	169.974	169.974	102.385
487.5	170.393	170.393	127.04
490	170.446	170.446	126.801
492.5	170.421	170.421	130.76
495	170.427	170.427	114.998
497.5	170.208	170.208	100.326
500	170.303	170.303	101.312
502.5	170.58	170.58	114.137
505	170.276	170.276	92.3464
507.5	170.358	170.358	104.141
510	170.23	170.23	102.664
512.5	170.331	170.331	99.595
515	171.417	171.417	85.2607
517.5	170.607	170.607	110.231
520	170.616	170.616	125.699
522.5	170.992	170.992	173.474
525	170.497	170.497	106.569
527.5	170.766	170.766	106.551
530	170.734	170.734	112.097
532.5	170.722	170.722	123.314
535	170.831	170.831	109.804
537.5	170.821	170.821	107.313
540	170.838	170.838	111.168
542.5	170.791	170.791	109.358
545	170.979	170.979	112.882
547.5	170.865	170.865	105.99
550	171.184	171.184	113.079
552.5	171.121	171.121	115.277
555	171.027	171.027	116.82
557.5	171.219	171.219	118.8
560	171.153	171.153	112.312
562.5	171.115	171.115	110.289
565	171.367	171.367	125.295
567.5	171.198	171.198	119.455
570	171.211	171.211	117.789
572.5	171.181	171.181	101.76
575	170.839	170.839	89.6874
577.5	170.919	170.919	104.724
580	171.71	171.71	144.72
582.5	171.697	171.697	110.562
585	171.258	171.258	88.7194
587.5	171.406	171.406	105.441
590	171.519	171.519	116.91
592.5	171.779	171.779	133.78
595	171.603	171.603	115.709
597.5	171.78	171.78	121.867
600	171.628	171.628	110.81
602.5	171.69	171.69	103.229
605	171.959	171.959	118.815
607.5	172.068	172.068	129.623
610	171.9	171.9	126.442
612.5	171.698	171.698	101.897
615	171.744	171.744	106.343
617.5	171.754	171.754	95.1102
620	171.941	171.941	111.216
622.5	172.212	172.212	113.825
625	172.098	172.098	108.177
627.5	172.045	172.045	104.74
630	172.056	172.056	105.483
632.5	172.028	172.028	106.45
635	172.146	172.146	114.33
637.5	172.29	172.29	118.679
640	172.124	172.124	110.357
642.5	172.14	172.14	108.16
645	172.018	172.018	105.126
647.5	172.085	172.085	100.016
650	172.539	172.539	129.591
652.5	172.305	172.305	113.348
655	172.415	172.415	112.889
657.5	172.475	172.475	121.403
660	172.354	172.354	111.68
662.5	172.598	172.598	124.295
665	172.692	172.692	126.507
667.5	172.522	172.522	98.7516
670	172.718	172.718	144.848
672.5	172.546	172.546	104.22
675	172.541	172.541	111.686
677.5	172.877	172.877	116.267
680	172.591	172.591	108.709
682.5	172.923	172.923	117.75
685	172.824	172.824	132.944
687.5	172.764	172.764	116.554
690	172.78	172.78	111.481
692.5	172.901	172.901	125.143
695	172.87	172.87	112.133
697.5	172.794	172.794	107.842
700	172.917	172.917	111.858
702.5	173.11	173.11	117.348
705	173.076	173.076	109.69
707.5	173.064	173.064	105.13
710	173.061	173.061	113.064
712.5	173.269	173.269	114.743
715	173.085	173.085	114.505
717.5	173.044	173.044	115.685
720	173.06	173.06	104.883
722.5	173.211	173.211	99.853
725	173.342	173.342	104.705
727.5	173.508	173.508	127.125
730	173.134	173.134	117.36
732.5	173.063	173.063	116.429
735	173.125	173.125	108.229
737.5	173.3	173.3	106.067
740	173.456	173.456	102.237
742.5	173.926	173.926	104.769
745	174.397	174.397	143.795
747.5	173.851	173.851	144.111
750	172.181	172.181	115.328
752.5	171.399	171.399	72.2734
755	172.869	172.869	50.5131
757.5	175.828	175.828	93.3424
760	176.28	176.28	205.014
762.5	173.728	173.728	145.692
765	172.21	172.21	96.3064
767.5	171.669	171.669	44.0428
770	173.056	173.056	74.0314
772.5	176.372	176.372	120.953
775	173.59	173.59	125.615
777.5	175.317	175.317	256.512
780	173.876	173.876	101.337
782.5	173.5	173.5	52.7166
785	173.713	173.713	66.1026
787.5	173.39	173.39	84.1606
790	173.745	173.745	163.763
792.5	174.225	174.225	169.162
795	174.382	174.382	111.026
797.5	173.99	173.99	68.1232
800	173.793	173.793	67.5464
802.5	174.261	174.261	101.628
805	174.243	174.243	127.505
807.5	174.184	174.184	135.511
810	174.177	174.177	124.414
812.5	174.4	174.4	111.943
815	174.315	174.315	98.1025
817.5	174.308	174.308	102.067
820	174.339	174.339	113.899
822.5	174.502	174.502	124.826
825	174.368	174.368	117.196
827.5	174.403	174.403	102.678
830	174.588	174.588	99.4208

Forward and Backward Scattering percentages:
WL(nm)	Forward %	Backward %
390	96.1721	3.82789
392.5	96.2443	3.75574
395	96.2337	3.76635
397.5	96.2408	3.75924
400	96.2505	3.74947
402.5	96.2261	3.77389
405	96.2365	3.7635
407.5	96.2157	3.78429
410	96.1997	3.80028
412.5	96.2124	3.78758
415	96.2106	3.7894
417.5	96.1735	3.82646
420	96.1595	3.84048
422.5	96.1904	3.80964
425	96.2118	3.7882
427.5	96.195	3.80499
430	96.204	3.79603
432.5	96.1578	3.84225
435	96.1716	3.82836
437.5	96.1723	3.82774
440	96.178	3.82196
442.5	96.1649	3.83505
445	96.1257	3.87426
447.5	96.1451	3.85487
450	96.1674	3.83259
452.5	96.1367	3.86334
455	96.0904	3.90962
457.5	96.1224	3.87763
460	96.2469	3.75308
462.5	96.1651	3.83494
465	96.1041	3.89586
467.5	96.1404	3.85959
470	96.1313	3.86867
472.5	96.1223	3.87774
475	96.1334	3.86656
477.5	96.1026	3.89736
480	96.0812	3.91884
482.5	96.0965	3.90345
485	96.1288	3.87118
487.5	96.0477	3.95229
490	96.0432	3.95685
492.5	96.0586	3.94137
495	96.0727	3.92733
497.5	96.1014	3.89855
500	96.0944	3.90555
502.5	96.0714	3.92861
505	96.1362	3.86375
507.5	96.0752	3.92477
510	96.1348	3.86524
512.5	96.025	3.97502
515	95.8818	4.11822
517.5	96.0217	3.97834
520	96.0244	3.97556
522.5	95.9755	4.02447
525	96.0766	3.92344
527.5	96.0383	3.96175
530	96.0125	3.98748
532.5	96.0284	3.97165
535	96.039	3.96098
537.5	96.0188	3.98117
540	96.0001	3.9999
542.5	96.0291	3.97095
545	95.9888	4.01118
547.5	96.0206	3.97942
550	95.9605	4.03952
552.5	95.9506	4.04944
555	95.9846	4.0154
557.5	95.9786	4.02145
560	95.9798	4.02025
562.5	95.9982	4.00184
565	95.9374	4.06259
567.5	95.9707	4.0293
570	95.9917	4.00832
572.5	95.9984	4.00156
575	96.0708	3.92919
577.5	96.0424	3.95756
580	95.9322	4.06783
582.5	95.894	4.106
585	95.9656	4.03435
587.5	95.965	4.03502
590	95.945	4.05495
592.5	95.9028	4.09715
595	95.9367	4.06328
597.5	95.8966	4.1034
600	95.921	4.07898
602.5	95.9124	4.08757
605	95.8549	4.14508
607.5	95.8297	4.17026
610	95.885	4.11503
612.5	95.9436	4.05644
615	95.9158	4.0842
617.5	95.9261	4.07392
620	95.887	4.11302
622.5	95.8608	4.13922
625	95.8608	4.13919
627.5	95.871	4.12902
630	95.8778	4.12221
632.5	95.8816	4.1184
635	95.8765	4.12347
637.5	95.8319	4.16813
640	95.854	4.14598
642.5	95.8613	4.13869
645	95.8822	4.11782
647.5	95.8871	4.11289
650	95.7919	4.20807
652.5	95.8531	4.14692
655	95.8197	4.18029
657.5	95.7852	4.21476
660	95.832	4.16798
662.5	95.789	4.21103
665	95.7909	4.20905
667.5	95.8113	4.18869
670	95.7639	4.23607
672.5	95.8168	4.18317
675	95.8133	4.18672
677.5	95.7531	4.24691
680	95.8445	4.1555
682.5	95.7819	4.21809
685	95.7667	4.23325
687.5	95.7662	4.23384
690	95.804	4.19595
692.5	95.8103	4.1897
695	95.7814	4.21862
697.5	95.7536	4.24637
700	95.7535	4.24654
702.5	95.7349	4.2651
705	95.7903	4.20971
707.5	95.7642	4.23575
710	95.7481	4.25193
712.5	95.7099	4.29014
715	95.7309	4.26908
717.5	95.7793	4.22066
720	95.7882	4.2118
722.5	95.7734	4.22656
725	95.7242	4.27584
727.5	95.668	4.33195
730	95.7078	4.2922
732.5	95.7334	4.26656
735	95.7359	4.26412
737.5	95.7157	4.28434
740	95.8105	4.1895
742.5	95.8167	4.18333
745	95.6202	4.37982
747.5	95.3825	4.61747
750	95.4864	4.51364
752.5	96.0963	3.90367
755	96.2935	3.70651
757.5	95.6992	4.30075
760	95.0069	4.99308
762.5	95.4646	4.53543
765	95.8085	4.19145
767.5	96.0633	3.93666
770	95.9305	4.06955
772.5	95.1982	4.80182
775	95.7553	4.24466
777.5	95.3414	4.65863
780	95.6642	4.33585
782.5	95.7818	4.21824
785	95.6576	4.34243
787.5	95.7225	4.2775
790	95.6382	4.36178
792.5	95.5951	4.40489
795	95.6258	4.37421
797.5	95.6693	4.33067
800	95.6783	4.32173
802.5	95.6047	4.39529
805	95.6179	4.38206
807.5	95.6168	4.38325
810	95.6391	4.36094
812.5	95.5965	4.40346
815	95.6066	4.39343
817.5	95.5945	4.40546
820	95.5982	4.40181
822.5	95.6035	4.39653
825	95.6342	4.36582
827.5	95.6029	4.39706
830	95.557	4.44296

