Simulation parameters:

Distribution: Poly Disperse - Log Normal 
Number of discrete sphere sizes: 101
Mean diameter of spheres: 12.5 um
Std. deviation: 0.25 um
Total Concentration (Spheres in a volume of 1mm^3): 1e+08

Wavelength Range: 390nm to 830nm in 2.5nm steps

Sphere and Medium Data:
Dia.(um)	Num. Den.(in a vol. of 1mm^3)	Ref. Index of sphere (real | imag)
4.47689	2038	1.333	0	1
4.74007	4794	1.333	0	1
5.00326	10260	1.333	0	1
5.26644	20227	1.333	0	1
5.52962	37102	1.333	0	1
5.7928	63857	1.333	0	1
6.05599	103874	1.333	0	1
6.31917	160679	1.333	0	1
6.58235	237611	1.333	0	1
6.84553	337453	1.333	0	1
7.10871	462092	1.333	0	1
7.3719	612244	1.333	0	1
7.63508	787277	1.333	0	1
7.89826	985164	1.333	0	1
8.16144	1.20256e+06	1.333	0	1
8.42463	1.43496e+06	1.333	0	1
8.68781	1.677e+06	1.333	0	1
8.95099	1.92274e+06	1.333	0	1
9.21417	2.16604e+06	1.333	0	1
9.47736	2.40085e+06	1.333	0	1
9.74054	2.6215e+06	1.333	0	1
10.0037	2.823e+06	1.333	0	1
10.2669	3.00116e+06	1.333	0	1
10.5301	3.15271e+06	1.333	0	1
10.7933	3.27539e+06	1.333	0	1
11.0565	3.3679e+06	1.333	0	1
11.3196	3.42989e+06	1.333	0	1
11.5828	3.46182e+06	1.333	0	1
11.846	3.46489e+06	1.333	0	1
12.1092	3.44092e+06	1.333	0	1
12.3724	3.39216e+06	1.333	0	1
12.6355	3.32121e+06	1.333	0	1
12.8987	3.23089e+06	1.333	0	1
13.1619	3.12411e+06	1.333	0	1
13.4251	3.00377e+06	1.333	0	1
13.6883	2.87273e+06	1.333	0	1
13.9515	2.73367e+06	1.333	0	1
14.2146	2.58911e+06	1.333	0	1
14.4778	2.44133e+06	1.333	0	1
14.741	2.29239e+06	1.333	0	1
15.0042	2.14406e+06	1.333	0	1
15.2674	1.99789e+06	1.333	0	1
15.5306	1.85517e+06	1.333	0	1
15.7937	1.71694e+06	1.333	0	1
16.0569	1.58406e+06	1.333	0	1
16.3201	1.45715e+06	1.333	0	1
16.5833	1.33666e+06	1.333	0	1
16.8465	1.22291e+06	1.333	0	1
17.1096	1.11605e+06	1.333	0	1
17.3728	1.01613e+06	1.333	0	1
17.636	923083	1.333	0	1
17.8992	836788	1.333	0	1
18.1624	757044	1.333	0	1
18.4256	683602	1.333	0	1
18.6887	616179	1.333	0	1
18.9519	554463	1.333	0	1
19.2151	498126	1.333	0	1
19.4783	446832	1.333	0	1
19.7415	400241	1.333	0	1
20.0047	358020	1.333	0	1
20.2678	319837	1.333	0	1
20.531	285377	1.333	0	1
20.7942	254335	1.333	0	1
21.0574	226420	1.333	0	1
21.3206	201360	1.333	0	1
21.5837	178897	1.333	0	1
21.8469	158792	1.333	0	1
22.1101	140822	1.333	0	1
22.3733	124782	1.333	0	1
22.6365	110482	1.333	0	1
22.8997	97749	1.333	0	1
23.1628	86422	1.333	0	1
23.426	76357	1.333	0	1
23.6892	67422	1.333	0	1
23.9524	59497	1.333	0	1
24.2156	52475	1.333	0	1
24.4788	46258	1.333	0	1
24.7419	40757	1.333	0	1
25.0051	35893	1.333	0	1
25.2683	31597	1.333	0	1
25.5315	27803	1.333	0	1
25.7947	24456	1.333	0	1
26.0579	21504	1.333	0	1
26.321	18902	1.333	0	1
26.5842	16610	1.333	0	1
26.8474	14591	1.333	0	1
27.1106	12815	1.333	0	1
27.3738	11251	1.333	0	1
27.6369	9877	1.333	0	1
27.9001	8668	1.333	0	1
28.1633	7606	1.333	0	1
28.4265	6673	1.333	0	1
28.6897	5854	1.333	0	1
28.9529	5134	1.333	0	1
29.216	4502	1.333	0	1
29.4792	3948	1.333	0	1
29.7424	3461	1.333	0	1
30.0056	3034	1.333	0	1
30.2688	2660	1.333	0	1
30.532	2332	1.333	0	1
30.7951	2044	1.333	0	1


Output:


Scattering Coefficient (us), g and Reduced Scattering Coefficient (us'):
WL(nm)	us(mm^-1)	g	us'(mm^-1)
390	29007.5	0.864528	3929.71
392.5	28978	0.865379	3901.05
395	28989.6	0.865101	3910.67
397.5	29043	0.863604	3961.35
400	28991.1	0.865192	3908.23
402.5	28989.4	0.865186	3908.19
405	29057.5	0.863231	3974.15
407.5	29013.6	0.864817	3922.14
410	29025	0.864405	3935.65
412.5	29044.3	0.863885	3953.37
415	29043	0.86397	3950.72
417.5	29041.6	0.864106	3946.59
420	29060.5	0.86357	3964.72
422.5	29041	0.864191	3944.03
425	29095.1	0.862628	3996.84
427.5	29085.3	0.863027	3983.91
430	29066.9	0.863568	3965.65
432.5	28997.4	0.865863	3889.62
435	29098.8	0.862782	3992.86
437.5	29054	0.864041	3950.15
440	29083.5	0.863282	3976.25
442.5	29092	0.863092	3982.94
445	29100.9	0.862852	3991.13
447.5	29071.5	0.863936	3955.57
450	29099.4	0.863082	3984.24
452.5	29108.5	0.862548	4001.03
455	29126.6	0.862838	3995.08
457.5	29149.8	0.861128	4048.1
460	29124.7	0.862729	3997.96
462.5	29129.8	0.86229	4011.46
465	29135.3	0.862236	4013.8
467.5	29134.5	0.862321	4011.21
470	29145.7	0.862055	4020.51
472.5	29146.2	0.86203	4021.29
475	29141.3	0.862271	4013.6
477.5	29165.5	0.861581	4037.05
480	29154.7	0.861933	4025.31
482.5	29173.7	0.861526	4039.79
485	29165	0.861417	4041.77
487.5	29208.3	0.861592	4042.68
490	29129.6	0.860658	4058.98
492.5	29223.1	0.864004	3974.22
495	29187.8	0.854446	4248.39
497.5	29177.6	0.868557	3835.18
500	29188.5	0.856223	4196.65
502.5	29173.5	0.864003	3967.52
505	29278.5	0.859107	4125.12
507.5	29325	0.858209	4158
510	29241.4	0.860275	4085.77
512.5	29206.5	0.860913	4062.24
515	29225.6	0.86055	4075.51
517.5	29211.4	0.860895	4063.44
520	29250.2	0.859916	4097.48
522.5	29252.2	0.859882	4098.76
525	29263.2	0.859549	4110.03
527.5	29256.5	0.859848	4100.37
530	29258.5	0.859818	4101.51
532.5	29263.7	0.859673	4106.48
535	29277.7	0.859342	4118.13
537.5	29268.6	0.859647	4107.94
540	29286.1	0.859174	4124.22
542.5	29271.7	0.85968	4107.4
545	29267.6	0.859764	4104.38
547.5	29295.1	0.859051	4129.12
550	29285.9	0.859432	4116.66
552.5	29299.2	0.859024	4130.47
555	29302.5	0.858911	4134.25
557.5	29301.8	0.859119	4128.08
560	29317.7	0.858616	4145.05
562.5	29321.3	0.858559	4147.22
565	29314.2	0.858825	4138.43
567.5	29311.6	0.858914	4135.45
570	29341.9	0.858189	4161.01
572.5	29346.8	0.858002	4167.2
575	29313	0.858746	4140.59
577.5	29338.1	0.858342	4155.97
580	29387.1	0.857034	4201.36
582.5	29392.7	0.85681	4208.74
585	29381	0.857191	4195.87
587.5	29375	0.857449	4187.43
590	29382.3	0.857272	4193.67
592.5	29372	0.857583	4183.06
595	29380.6	0.857361	4190.82
597.5	29358.1	0.857986	4169.27
600	29380.4	0.857406	4189.48
602.5	29398.7	0.856847	4208.51
605	29326.5	0.858544	4148.39
607.5	29348.5	0.858282	4159.22
610	29419.6	0.856476	4222.42
612.5	29351.3	0.85841	4155.87
615	29380.8	0.857614	4183.41
617.5	29420.2	0.856571	4219.71
620	29474.3	0.855083	4271.33
622.5	29417	0.856767	4213.48
625	29418.7	0.856702	4215.64
627.5	29445.2	0.856024	4239.39
630	29438.9	0.856235	4232.27
632.5	29421.9	0.856911	4209.94
635	29451.2	0.855982	4241.5
637.5	29515	0.854202	4303.22
640	29491.8	0.854888	4279.62
642.5	29450.4	0.856101	4237.87
645	29460.3	0.855855	4246.56
647.5	29470.5	0.855573	4256.34
650	29491.1	0.855132	4272.31
652.5	29496.3	0.854907	4279.7
655	29482	0.855488	4260.49
657.5	29490.1	0.855105	4272.97
660	29491.3	0.855497	4261.57
662.5	29512.4	0.853906	4311.58
665	29545.7	0.854573	4296.74
667.5	29497.9	0.854902	4280.07
670	29551.7	0.853838	4319.33
672.5	29586.6	0.852681	4358.66
675	29448	0.85631	4231.39
677.5	29625.7	0.851851	4389.03
680	29433.4	0.857234	4202.09
682.5	29594.4	0.852561	4363.38
685	29531.1	0.854364	4300.77
687.5	29604	0.852458	4367.83
690	29539.8	0.854413	4300.61
692.5	29571.1	0.853642	4327.96
695	29550.1	0.854079	4311.99
697.5	29567.7	0.853297	4337.68
700	29575.3	0.853131	4343.7
702.5	29569.9	0.85379	4323.42
705	29569.6	0.854082	4314.74
707.5	29606.2	0.852818	4357.49
710	29627.7	0.851936	4386.8
712.5	29555.8	0.854011	4314.82
715	29598.7	0.852911	4353.63
717.5	29578.6	0.853602	4330.23
720	29577.7	0.853704	4327.1
722.5	29617.1	0.852604	4365.44
725	29600.3	0.853139	4347.13
727.5	29564.1	0.854109	4313.13
730	29611	0.852859	4356.99
732.5	29588.1	0.853546	4333.29
735	29650.7	0.85179	4394.54
737.5	29657.6	0.851679	4398.85
740	29643.9	0.851997	4387.39
742.5	29650.2	0.851975	4388.98
745	29653.3	0.851854	4393
747.5	29627.4	0.852768	4362.1
750	29641.9	0.852143	4382.77
752.5	29696.6	0.850706	4433.51
755	29735.4	0.849459	4476.39
757.5	29669.9	0.852461	4377.47
760	29593.6	0.853553	4333.9
762.5	29716.2	0.850463	4443.68
765	29620.6	0.85295	4355.72
767.5	29802.8	0.848106	4526.86
770	29687.2	0.85133	4413.6
772.5	29686.5	0.851321	4413.75
775	29749.5	0.849532	4476.35
777.5	29684.2	0.851326	4413.25
780	29708.7	0.850653	4436.91
782.5	29702.6	0.851051	4424.19
785	29716	0.850897	4430.74
787.5	29701.8	0.851303	4416.57
790	29705.1	0.851027	4425.26
792.5	29738.7	0.849838	4465.63
795	29702.2	0.851036	4424.56
797.5	29730	0.850553	4443.05
800	29736.9	0.850346	4450.25
802.5	29763.5	0.849688	4473.81
805	29706.5	0.851007	4426.07
807.5	29765.5	0.849387	4483.07
810	29759.4	0.849691	4473.1
812.5	29735.8	0.850287	4451.84
815	29759.1	0.84992	4466.24
817.5	29746.7	0.850203	4455.97
820	29783.5	0.849161	4492.52
822.5	29813.5	0.848433	4518.73
825	29787.8	0.849192	4492.25
827.5	29777.5	0.849488	4481.85
830	29795.8	0.849	4499.18

Scattering (Csca), Extinction (Cext) and Backscattering (Cback) Cross Sections:
WL(nm)	Csca(um^2)	Cext(um^2)	Cback(um^2)
390	290.075	290.075	246.526
392.5	289.78	289.78	180.022
395	289.896	289.896	193.665
397.5	290.43	290.43	206.745
400	289.911	289.911	179.384
402.5	289.894	289.894	187.707
405	290.575	290.575	172.874
407.5	290.136	290.136	239.79
410	290.25	290.25	171.628
412.5	290.443	290.443	215.821
415	290.43	290.43	187.75
417.5	290.416	290.416	187.988
420	290.605	290.605	195.236
422.5	290.41	290.41	183.729
425	290.951	290.951	202.505
427.5	290.853	290.853	217.959
430	290.669	290.669	190.006
432.5	289.974	289.974	159.908
435	290.988	290.988	216.711
437.5	290.54	290.54	161.264
440	290.835	290.835	196.036
442.5	290.92	290.92	182.794
445	291.009	291.009	202.056
447.5	290.715	290.715	165.715
450	290.994	290.994	196.409
452.5	291.085	291.085	187.379
455	291.266	291.266	217.629
457.5	291.498	291.498	203.644
460	291.247	291.247	199.232
462.5	291.298	291.298	188.245
465	291.353	291.353	198.063
467.5	291.345	291.345	178.467
470	291.457	291.457	200.583
472.5	291.462	291.462	174.567
475	291.413	291.413	183.065
477.5	291.655	291.655	185.321
480	291.547	291.547	205.858
482.5	291.737	291.737	177.242
485	291.65	291.65	195.273
487.5	292.083	292.083	187.855
490	291.296	291.296	198.322
492.5	292.231	292.231	170.992
495	291.878	291.878	262.894
497.5	291.776	291.776	88.397
500	291.885	291.885	293.161
502.5	291.735	291.735	125.566
505	292.785	292.785	232.886
507.5	293.25	293.25	362.235
510	292.414	292.414	206.505
512.5	292.065	292.065	155.278
515	292.256	292.256	255.337
517.5	292.114	292.114	103.166
520	292.502	292.502	248.249
522.5	292.522	292.522	184.797
525	292.632	292.632	227.17
527.5	292.565	292.565	162.5
530	292.585	292.585	211.516
532.5	292.637	292.637	183.24
535	292.777	292.777	199.704
537.5	292.686	292.686	183.776
540	292.861	292.861	189.655
542.5	292.717	292.717	167.647
545	292.676	292.676	199.197
547.5	292.951	292.951	167.494
550	292.859	292.859	219.006
552.5	292.992	292.992	171.413
555	293.025	293.025	197.098
557.5	293.018	293.018	175.422
560	293.177	293.177	201.815
562.5	293.213	293.213	194.735
565	293.142	293.142	189.641
567.5	293.116	293.116	179.437
570	293.419	293.419	193.8
572.5	293.468	293.468	199.932
575	293.13	293.13	186.651
577.5	293.381	293.381	179.12
580	293.871	293.871	244.752
582.5	293.927	293.927	207.209
585	293.81	293.81	227.106
587.5	293.75	293.75	188.344
590	293.823	293.823	197.868
592.5	293.72	293.72	190.665
595	293.806	293.806	194.464
597.5	293.581	293.581	191.459
600	293.804	293.804	192.009
602.5	293.987	293.987	195.659
605	293.265	293.265	172.238
607.5	293.485	293.485	184.394
610	294.196	294.196	197.298
612.5	293.513	293.513	141.02
615	293.808	293.808	174.691
617.5	294.202	294.202	191.027
620	294.743	294.743	257.485
622.5	294.17	294.17	171.115
625	294.187	294.187	156.074
627.5	294.452	294.452	175.83
630	294.389	294.389	193.904
632.5	294.219	294.219	190.244
635	294.512	294.512	186.7
637.5	295.15	295.15	192.663
640	294.918	294.918	220.692
642.5	294.504	294.504	190.914
645	294.603	294.603	188.582
647.5	294.705	294.705	180.089
650	294.911	294.911	196.892
652.5	294.963	294.963	189.555
655	294.82	294.82	198.067
657.5	294.901	294.901	202.71
660	294.913	294.913	187.256
662.5	295.124	295.124	213.362
665	295.457	295.457	179.533
667.5	294.979	294.979	214.546
670	295.517	295.517	207.085
672.5	295.866	295.866	223.567
675	294.48	294.48	170.5
677.5	296.257	296.257	122.724
680	294.334	294.334	188.154
682.5	295.944	295.944	229.279
685	295.311	295.311	180.63
687.5	296.04	296.04	300.336
690	295.398	295.398	182.093
692.5	295.711	295.711	208.597
695	295.501	295.501	174.85
697.5	295.677	295.677	179.775
700	295.753	295.753	217.313
702.5	295.699	295.699	194.495
705	295.696	295.696	183.598
707.5	296.062	296.062	185.828
710	296.277	296.277	205.022
712.5	295.558	295.558	173.747
715	295.987	295.987	202.949
717.5	295.786	295.786	189.096
720	295.777	295.777	181.132
722.5	296.171	296.171	240.598
725	296.003	296.003	190.694
727.5	295.641	295.641	164.715
730	296.11	296.11	193.208
732.5	295.881	295.881	161.355
735	296.507	296.507	194.217
737.5	296.576	296.576	222.216
740	296.439	296.439	208.45
742.5	296.502	296.502	203.014
745	296.533	296.533	191.949
747.5	296.274	296.274	180.961
750	296.419	296.419	203.929
752.5	296.966	296.966	228.185
755	297.354	297.354	204.297
757.5	296.699	296.699	161.85
760	295.936	295.936	175.911
762.5	297.162	297.162	218.739
765	296.206	296.206	172.529
767.5	298.028	298.028	279.907
770	296.872	296.872	166.496
772.5	296.865	296.865	179.678
775	297.495	297.495	267.378
777.5	296.842	296.842	180.203
780	297.087	297.087	202.491
782.5	297.026	297.026	207.801
785	297.159	297.159	189.408
787.5	297.018	297.018	183.619
790	297.051	297.051	181.539
792.5	297.387	297.387	178.925
795	297.021	297.021	178.635
797.5	297.3	297.3	194.006
800	297.369	297.369	193.625
802.5	297.635	297.635	190.742
805	297.065	297.065	185.842
807.5	297.655	297.655	203.368
810	297.594	297.594	183.849
812.5	297.358	297.358	164.665
815	297.591	297.591	196.673
817.5	297.467	297.467	178.027
820	297.835	297.835	192.187
822.5	298.135	298.135	180.46
825	297.878	297.878	202.945
827.5	297.775	297.775	202.264
830	297.958	297.958	183.867

Forward and Backward Scattering percentages:
WL(nm)	Forward %	Backward %
390	96.3885	3.61149
392.5	96.4213	3.57867
395	96.4068	3.59322
397.5	96.367	3.63303
400	96.4151	3.5849
402.5	96.4201	3.57986
405	96.3388	3.66117
407.5	96.3757	3.62433
410	96.3934	3.60659
412.5	96.3725	3.62754
415	96.3706	3.62939
417.5	96.3733	3.62668
420	96.3647	3.63534
422.5	96.3817	3.61833
425	96.3418	3.6582
427.5	96.3362	3.66381
430	96.3606	3.63939
432.5	96.457	3.54303
435	96.3381	3.66192
437.5	96.3753	3.62472
440	96.3524	3.64763
442.5	96.3515	3.64854
445	96.3294	3.67063
447.5	96.3683	3.63173
450	96.341	3.65902
452.5	96.3465	3.65352
455	96.3468	3.6532
457.5	96.2519	3.74809
460	96.331	3.66903
462.5	96.3252	3.67476
465	96.3188	3.68124
467.5	96.3202	3.67983
470	96.3129	3.68713
472.5	96.3153	3.68468
475	96.3166	3.68342
477.5	96.2843	3.71568
480	96.3141	3.68593
482.5	96.2899	3.71006
485	96.2906	3.70939
487.5	96.2957	3.70434
490	96.2514	3.74863
492.5	96.4014	3.59856
495	95.9705	4.02954
497.5	96.5621	3.43789
500	96.2051	3.79489
502.5	96.3113	3.68865
505	96.2381	3.76187
507.5	96.1653	3.83468
510	96.2126	3.78739
512.5	96.2676	3.73245
515	96.2488	3.75122
517.5	96.2772	3.72275
520	96.2427	3.75734
522.5	96.2369	3.76313
525	96.2209	3.77914
527.5	96.2353	3.76473
530	96.2323	3.76768
532.5	96.229	3.77098
535	96.2119	3.78807
537.5	96.2315	3.7685
540	96.2	3.8
542.5	96.2388	3.76116
545	96.2289	3.77105
547.5	96.2163	3.78374
550	96.2325	3.7675
552.5	96.2105	3.7895
555	96.2035	3.79654
557.5	96.2184	3.78157
560	96.1957	3.8043
562.5	96.195	3.80499
565	96.2101	3.78987
567.5	96.1977	3.80234
570	96.1804	3.81959
572.5	96.175	3.825
575	96.2084	3.79164
577.5	96.1865	3.81345
580	96.1227	3.87729
582.5	96.1213	3.87867
585	96.1477	3.8523
587.5	96.1651	3.83492
590	96.1511	3.84886
592.5	96.1575	3.84247
595	96.1393	3.86066
597.5	96.1626	3.83736
600	96.1583	3.84167
602.5	96.1072	3.89284
605	96.1773	3.82271
607.5	96.2024	3.79758
610	96.1077	3.89235
612.5	96.1963	3.80373
615	96.1583	3.8417
617.5	96.1264	3.87363
620	96.0701	3.92989
622.5	96.126	3.87403
625	96.1334	3.86656
627.5	96.0954	3.90464
630	96.1057	3.89429
632.5	96.1392	3.8608
635	96.091	3.90901
637.5	96.0404	3.95964
640	96.0478	3.95217
642.5	96.1068	3.89322
645	96.096	3.90399
647.5	96.0819	3.9181
650	96.085	3.91503
652.5	96.0693	3.93071
655	96.0767	3.92332
657.5	96.0764	3.92364
660	96.0871	3.91287
662.5	96.0059	3.99414
665	96.0626	3.93741
667.5	96.0728	3.92719
670	96.02	3.97995
672.5	96.0191	3.98091
675	96.0968	3.90323
677.5	95.9555	4.04451
680	96.144	3.85599
682.5	96.0105	3.98946
685	96.0318	3.96823
687.5	95.9755	4.02447
690	96.0545	3.94548
692.5	96.0172	3.98281
695	96.0505	3.94953
697.5	96.0134	3.98663
700	95.9994	4.00056
702.5	96.0295	3.97051
705	96.0549	3.9451
707.5	95.9846	4.01536
710	95.9545	4.04552
712.5	96.0442	3.95575
715	96.0078	3.99221
717.5	96.0198	3.9802
720	96.0261	3.97394
722.5	95.9678	4.03224
725	95.9942	4.00584
727.5	96.0486	3.95142
730	95.9631	4.0369
732.5	96.033	3.96699
735	95.9452	4.05485
737.5	95.9457	4.05432
740	95.9703	4.0297
742.5	95.9653	4.03471
745	95.968	4.03196
747.5	95.9979	4.00206
750	95.9917	4.00832
752.5	95.914	4.08599
755	95.856	4.14395
757.5	95.9882	4.01185
760	96.0288	3.97122
762.5	95.9277	4.07228
765	95.9961	4.00392
767.5	95.8248	4.1752
770	95.9424	4.05764
772.5	95.942	4.05796
775	95.8489	4.1511
777.5	95.9484	4.05159
780	95.921	4.07902
782.5	95.9325	4.06748
785	95.9272	4.07278
787.5	95.9535	4.04653
790	95.9373	4.06274
792.5	95.8919	4.1081
795	95.9402	4.05981
797.5	95.917	4.08298
800	95.918	4.08195
802.5	95.8937	4.10635
805	95.9487	4.05131
807.5	95.8867	4.11332
810	95.8924	4.10762
812.5	95.9261	4.07392
815	95.9142	4.08579
817.5	95.9077	4.0923
820	95.8743	4.12571
822.5	95.8339	4.16613
825	95.8722	4.12784
827.5	95.876	4.12404
830	95.8904	4.10965

