Simulation parameters:

Distribution: Poly Disperse - Log Normal 
Number of discrete sphere sizes: 101
Mean diameter of spheres: 13.5 um
Std. deviation: 0.25 um
Total Concentration (Spheres in a volume of 1mm^3): 1e+08

Wavelength Range: 390nm to 830nm in 2.5nm steps

Sphere and Medium Data:
Dia.(um)	Num. Den.(in a vol. of 1mm^3)	Ref. Index of sphere (real | imag)
4.83504	2038	1.333	0	1
5.11928	4794	1.333	0	1
5.40352	10260	1.333	0	1
5.68775	20227	1.333	0	1
5.97199	37102	1.333	0	1
6.25623	63857	1.333	0	1
6.54046	103874	1.333	0	1
6.8247	160679	1.333	0	1
7.10894	237611	1.333	0	1
7.39317	337453	1.333	0	1
7.67741	462092	1.333	0	1
7.96165	612244	1.333	0	1
8.24589	787277	1.333	0	1
8.53012	985164	1.333	0	1
8.81436	1.20256e+06	1.333	0	1
9.0986	1.43496e+06	1.333	0	1
9.38283	1.677e+06	1.333	0	1
9.66707	1.92274e+06	1.333	0	1
9.95131	2.16604e+06	1.333	0	1
10.2355	2.40085e+06	1.333	0	1
10.5198	2.6215e+06	1.333	0	1
10.804	2.823e+06	1.333	0	1
11.0883	3.00116e+06	1.333	0	1
11.3725	3.15271e+06	1.333	0	1
11.6567	3.27539e+06	1.333	0	1
11.941	3.3679e+06	1.333	0	1
12.2252	3.42989e+06	1.333	0	1
12.5094	3.46182e+06	1.333	0	1
12.7937	3.46489e+06	1.333	0	1
13.0779	3.44092e+06	1.333	0	1
13.3622	3.39216e+06	1.333	0	1
13.6464	3.32121e+06	1.333	0	1
13.9306	3.23089e+06	1.333	0	1
14.2149	3.12411e+06	1.333	0	1
14.4991	3.00377e+06	1.333	0	1
14.7833	2.87273e+06	1.333	0	1
15.0676	2.73367e+06	1.333	0	1
15.3518	2.58911e+06	1.333	0	1
15.636	2.44133e+06	1.333	0	1
15.9203	2.29239e+06	1.333	0	1
16.2045	2.14406e+06	1.333	0	1
16.4888	1.99789e+06	1.333	0	1
16.773	1.85517e+06	1.333	0	1
17.0572	1.71694e+06	1.333	0	1
17.3415	1.58406e+06	1.333	0	1
17.6257	1.45715e+06	1.333	0	1
17.9099	1.33666e+06	1.333	0	1
18.1942	1.22291e+06	1.333	0	1
18.4784	1.11605e+06	1.333	0	1
18.7627	1.01613e+06	1.333	0	1
19.0469	923083	1.333	0	1
19.3311	836788	1.333	0	1
19.6154	757044	1.333	0	1
19.8996	683602	1.333	0	1
20.1838	616179	1.333	0	1
20.4681	554463	1.333	0	1
20.7523	498126	1.333	0	1
21.0366	446832	1.333	0	1
21.3208	400241	1.333	0	1
21.605	358020	1.333	0	1
21.8893	319837	1.333	0	1
22.1735	285377	1.333	0	1
22.4577	254335	1.333	0	1
22.742	226420	1.333	0	1
23.0262	201360	1.333	0	1
23.3104	178897	1.333	0	1
23.5947	158792	1.333	0	1
23.8789	140822	1.333	0	1
24.1632	124782	1.333	0	1
24.4474	110482	1.333	0	1
24.7316	97749	1.333	0	1
25.0159	86422	1.333	0	1
25.3001	76357	1.333	0	1
25.5843	67422	1.333	0	1
25.8686	59497	1.333	0	1
26.1528	52475	1.333	0	1
26.4371	46258	1.333	0	1
26.7213	40757	1.333	0	1
27.0055	35893	1.333	0	1
27.2898	31597	1.333	0	1
27.574	27803	1.333	0	1
27.8582	24456	1.333	0	1
28.1425	21504	1.333	0	1
28.4267	18902	1.333	0	1
28.711	16610	1.333	0	1
28.9952	14591	1.333	0	1
29.2794	12815	1.333	0	1
29.5637	11251	1.333	0	1
29.8479	9877	1.333	0	1
30.1321	8668	1.333	0	1
30.4164	7606	1.333	0	1
30.7006	6673	1.333	0	1
30.9848	5854	1.333	0	1
31.2691	5134	1.333	0	1
31.5533	4502	1.333	0	1
31.8376	3948	1.333	0	1
32.1218	3461	1.333	0	1
32.406	3034	1.333	0	1
32.6903	2660	1.333	0	1
32.9745	2332	1.333	0	1
33.2587	2044	1.333	0	1


Output:


Scattering Coefficient (us), g and Reduced Scattering Coefficient (us'):
WL(nm)	us(mm^-1)	g	us'(mm^-1)
390	33726.2	0.86656	4500.44
392.5	33738.6	0.8664	4507.46
395	33781.2	0.865121	4556.38
397.5	33754.3	0.866076	4520.5
400	33765.2	0.865877	4528.68
402.5	33756.1	0.866129	4518.97
405	33792.9	0.86524	4553.94
407.5	33762	0.865948	4525.86
410	33782.9	0.865663	4538.31
412.5	33784	0.865614	4540.08
415	33784.5	0.865669	4538.31
417.5	33783.7	0.865748	4535.55
420	33796.7	0.865373	4549.97
422.5	33796.6	0.865443	4547.59
425	33855.2	0.864184	4598.09
427.5	33813.2	0.865014	4564.32
430	33817.4	0.86496	4566.7
432.5	33821.9	0.865101	4562.55
435	33819.5	0.865312	4555.08
437.5	33854	0.864158	4598.81
440	33809	0.865601	4543.88
442.5	33854.9	0.864409	4590.43
445	33845.9	0.864671	4580.34
447.5	33867.1	0.864182	4599.77
450	33884.3	0.863812	4614.65
452.5	33874.6	0.864097	4603.66
455	33893	0.863583	4623.59
457.5	33894.5	0.86365	4621.51
460	33909.3	0.863344	4633.89
462.5	33889.4	0.863875	4613.19
465	33904.9	0.863547	4626.42
467.5	33945.9	0.862941	4652.57
470	33916.5	0.863258	4637.81
472.5	33888.6	0.864041	4607.46
475	33963.5	0.86223	4679.15
477.5	33939.6	0.862907	4652.88
480	33942.7	0.862867	4654.65
482.5	33959.2	0.862671	4663.59
485	33944.9	0.862876	4654.64
487.5	33923	0.863506	4630.3
490	33969.1	0.862079	4685.05
492.5	33944.3	0.863368	4637.88
495	33969.9	0.862327	4676.74
497.5	33972.8	0.862495	4671.42
500	33970.9	0.862427	4673.47
502.5	33977	0.862391	4675.52
505	33999.4	0.861896	4695.47
507.5	33982.5	0.862343	4677.93
510	34017.6	0.861461	4712.76
512.5	34018.1	0.861557	4709.55
515	34025	0.861446	4714.3
517.5	34011.7	0.861697	4703.9
520	34018.1	0.861807	4701.07
522.5	34020.1	0.861545	4710.25
525	34050.1	0.861066	4730.73
527.5	34046	0.861118	4728.38
530	33991.4	0.861917	4693.64
532.5	34128.2	0.861907	4712.86
535	33950.1	0.85767	4832.12
537.5	34091.8	0.866651	4546.09
540	34045.5	0.856223	4894.97
542.5	34010	0.864464	4609.58
545	34019.8	0.862044	4693.21
547.5	33951.7	0.863604	4630.87
550	33998.6	0.862545	4673.26
552.5	34104.5	0.860042	4773.2
555	34113	0.859828	4781.69
557.5	34115	0.860004	4775.97
560	34107.9	0.859895	4778.68
562.5	34128.5	0.859745	4786.69
565	34129	0.859592	4791.98
567.5	34133.3	0.859553	4793.91
570	34160.7	0.85893	4819.06
572.5	34131.7	0.859712	4788.26
575	34138.6	0.859528	4795.51
577.5	34127.9	0.859862	4782.61
580	34146.7	0.859445	4799.5
582.5	34142.7	0.859583	4794.23
585	34173.5	0.858832	4824.2
587.5	34139.7	0.859712	4789.39
590	34181.1	0.858746	4828.23
592.5	34187.9	0.858608	4833.9
595	34190.1	0.858657	4832.52
597.5	34150.7	0.859653	4792.93
600	34208.4	0.858248	4849.09
602.5	34210.2	0.858183	4851.6
605	34203.6	0.858416	4842.68
607.5	34200.4	0.858559	4837.32
610	34187.6	0.858902	4823.81
612.5	34179.9	0.859087	4816.41
615	34201.3	0.858604	4835.91
617.5	34224.2	0.858127	4855.48
620	34216.4	0.858599	4838.25
622.5	34218.6	0.858198	4852.25
625	34249.7	0.857538	4879.28
627.5	34250.9	0.857632	4876.22
630	34292.1	0.856627	4916.55
632.5	34250.3	0.857666	4874.98
635	34274.6	0.857059	4899.24
637.5	34256.5	0.857579	4878.85
640	34254.4	0.857707	4874.16
642.5	34258.9	0.857645	4876.93
645	34319.1	0.856042	4940.53
647.5	34325.3	0.855958	4944.27
650	34330.9	0.855929	4946.08
652.5	34369.3	0.855136	4978.89
655	34437.3	0.85354	5043.67
657.5	34329.1	0.856356	4931.15
660	34345.1	0.855836	4951.32
662.5	34372.2	0.855263	4974.93
665	34326.2	0.856337	4931.42
667.5	34307.8	0.856765	4914.08
670	34347.3	0.855856	4950.96
672.5	34330.1	0.856327	4932.32
675	34313.9	0.856702	4917.12
677.5	34409.9	0.854491	5006.96
680	34375.9	0.855288	4974.61
682.5	34343.2	0.856069	4943.03
685	34337.2	0.85638	4931.53
687.5	34334.6	0.856386	4930.92
690	34350.2	0.856109	4942.66
692.5	34402.9	0.854869	4992.91
695	34382.6	0.855386	4972.2
697.5	34366.4	0.855818	4955.02
700	34401.8	0.854909	4991.39
702.5	34397.4	0.855156	4982.27
705	34413.6	0.854637	5002.45
707.5	34392.5	0.855375	4974.02
710	34389.2	0.855325	4975.27
712.5	34378.5	0.855813	4956.94
715	34424.1	0.85431	5015.24
717.5	34389.1	0.856104	4948.46
720	34432.1	0.854042	5025.64
722.5	34391.5	0.855608	4965.85
725	34387.9	0.855864	4956.54
727.5	34438.6	0.854373	5015.21
730	34351.1	0.857155	4906.9
732.5	34499	0.852471	5089.6
735	34473.7	0.854027	5032.23
737.5	34525.2	0.852368	5097.02
740	34439.5	0.854511	5010.58
742.5	34530.1	0.852458	5094.64
745	34465.3	0.854162	5026.35
747.5	34483.7	0.853823	5040.73
750	34484.7	0.853739	5043.78
752.5	34488.8	0.85334	5058.13
755	34489.5	0.853227	5062.13
757.5	34505.1	0.85318	5066.04
760	34500.9	0.853662	5048.8
762.5	34474.9	0.854382	5020.19
765	34502.2	0.853451	5056.27
767.5	34492.1	0.853531	5052.01
770	34521.1	0.852884	5078.59
772.5	34532.7	0.852687	5087.11
775	34505.5	0.853487	5055.48
777.5	34548.5	0.852482	5096.54
780	34528.6	0.852961	5077.05
782.5	34498.9	0.853726	5046.29
785	34599.8	0.851235	5147.26
787.5	34520.8	0.853155	5069.21
790	34573.4	0.851961	5118.19
792.5	34546.9	0.852658	5090.2
795	34557.6	0.85247	5098.29
797.5	34556.8	0.852475	5098
800	34550.6	0.85273	5088.26
802.5	34571.2	0.852237	5108.32
805	34585.2	0.851907	5121.83
807.5	34569.4	0.852506	5098.78
810	34574.3	0.852143	5112.06
812.5	34582.1	0.852075	5115.56
815	34668.2	0.850149	5195.06
817.5	34521.3	0.854072	5037.61
820	34597.3	0.851194	5148.3
822.5	34591.9	0.852099	5116.17
825	34645.5	0.850655	5174.12
827.5	34602.3	0.851908	5124.32
830	34581.7	0.852256	5109.24

Scattering (Csca), Extinction (Cext) and Backscattering (Cback) Cross Sections:
WL(nm)	Csca(um^2)	Cext(um^2)	Cback(um^2)
390	337.262	337.262	213.816
392.5	337.386	337.386	249.42
395	337.812	337.812	290.482
397.5	337.543	337.543	210.686
400	337.652	337.652	220.292
402.5	337.561	337.561	188.309
405	337.929	337.929	247.412
407.5	337.62	337.62	240.066
410	337.829	337.829	192.493
412.5	337.84	337.84	216.621
415	337.845	337.845	217.321
417.5	337.837	337.837	199.85
420	337.967	337.967	189.4
422.5	337.966	337.966	214.67
425	338.552	338.552	272.494
427.5	338.132	338.132	202.205
430	338.174	338.174	229.997
432.5	338.219	338.219	206.438
435	338.195	338.195	199.618
437.5	338.54	338.54	164.655
440	338.09	338.09	257.488
442.5	338.549	338.549	231.48
445	338.459	338.459	226.824
447.5	338.671	338.671	240.013
450	338.843	338.843	250.435
452.5	338.746	338.746	203.236
455	338.93	338.93	230.337
457.5	338.945	338.945	231.816
460	339.093	339.093	235.998
462.5	338.894	338.894	217.696
465	339.049	339.049	224.138
467.5	339.459	339.459	225.551
470	339.165	339.165	218.76
472.5	338.886	338.886	188.098
475	339.635	339.635	266.547
477.5	339.396	339.396	227.232
480	339.427	339.427	220.169
482.5	339.592	339.592	209.317
485	339.448	339.448	195.451
487.5	339.23	339.23	176
490	339.691	339.691	237.406
492.5	339.443	339.443	232.514
495	339.699	339.699	220.639
497.5	339.727	339.727	225.216
500	339.709	339.709	200.877
502.5	339.77	339.77	245.378
505	339.994	339.994	227.168
507.5	339.825	339.825	222.92
510	340.176	340.176	235.067
512.5	340.181	340.181	247.76
515	340.25	340.25	238.344
517.5	340.117	340.117	237.201
520	340.181	340.181	203.815
522.5	340.201	340.201	230.809
525	340.501	340.501	239.957
527.5	340.46	340.46	209.536
530	339.914	339.914	218.111
532.5	341.282	341.282	212.592
535	339.501	339.501	304.372
537.5	340.918	340.918	91.633
540	340.455	340.455	341.943
542.5	340.1	340.1	158.6
545	340.198	340.198	215.903
547.5	339.517	339.517	217.268
550	339.986	339.986	230.121
552.5	341.045	341.045	208.841
555	341.13	341.13	282.305
557.5	341.15	341.15	152.98
560	341.079	341.079	321.475
562.5	341.285	341.285	165.416
565	341.29	341.29	216.172
567.5	341.333	341.333	268.367
570	341.607	341.607	222.374
572.5	341.317	341.317	252.508
575	341.386	341.386	216.257
577.5	341.279	341.279	222.498
580	341.467	341.467	229.045
582.5	341.427	341.427	218.493
585	341.735	341.735	239.25
587.5	341.397	341.397	222.719
590	341.811	341.811	208.831
592.5	341.879	341.879	238.627
595	341.901	341.901	279.345
597.5	341.507	341.507	181.792
600	342.084	342.084	266.278
602.5	342.102	342.102	260.025
605	342.036	342.036	223.367
607.5	342.004	342.004	227.139
610	341.876	341.876	204.382
612.5	341.799	341.799	197.667
615	342.013	342.013	203.987
617.5	342.242	342.242	223.191
620	342.164	342.164	207.632
622.5	342.186	342.186	209.285
625	342.497	342.497	231.925
627.5	342.509	342.509	222.217
630	342.921	342.921	265.517
632.5	342.503	342.503	184.731
635	342.746	342.746	232.829
637.5	342.565	342.565	222.247
640	342.544	342.544	210.663
642.5	342.589	342.589	221.414
645	343.191	343.191	270.379
647.5	343.253	343.253	266.591
650	343.309	343.309	229.637
652.5	343.693	343.693	254.211
655	344.373	344.373	268.377
657.5	343.291	343.291	231.006
660	343.451	343.451	243.995
662.5	343.722	343.722	272.374
665	343.262	343.262	249.237
667.5	343.078	343.078	216.247
670	343.473	343.473	243.984
672.5	343.301	343.301	245.557
675	343.139	343.139	182.045
677.5	344.099	344.099	259.204
680	343.759	343.759	240.251
682.5	343.432	343.432	211.694
685	343.372	343.372	212.78
687.5	343.346	343.346	220.842
690	343.502	343.502	220.82
692.5	344.029	344.029	237.194
695	343.826	343.826	241.029
697.5	343.664	343.664	218.344
700	344.018	344.018	245.16
702.5	343.974	343.974	224.27
705	344.136	344.136	241.797
707.5	343.925	343.925	228.912
710	343.892	343.892	229.549
712.5	343.785	343.785	212.244
715	344.241	344.241	237.192
717.5	343.891	343.891	196.478
720	344.321	344.321	256.859
722.5	343.915	343.915	211.481
725	343.879	343.879	203.864
727.5	344.386	344.386	187.289
730	343.511	343.511	245.459
732.5	344.99	344.99	214.946
735	344.737	344.737	304.51
737.5	345.252	345.252	227.047
740	344.395	344.395	205.873
742.5	345.301	345.301	350.312
745	344.653	344.653	211.452
747.5	344.836	344.836	274.368
750	344.847	344.847	220.263
752.5	344.888	344.888	252.89
755	344.895	344.895	214.275
757.5	345.051	345.051	259.316
760	345.009	345.009	228.38
762.5	344.749	344.749	204.086
765	345.022	345.022	215.981
767.5	344.921	344.921	215.13
770	345.211	345.211	232.201
772.5	345.327	345.327	244.399
775	345.055	345.055	214.39
777.5	345.485	345.485	250.33
780	345.286	345.286	208.458
782.5	344.989	344.989	221.395
785	345.998	345.998	271.5
787.5	345.208	345.208	206.648
790	345.734	345.734	256.331
792.5	345.469	345.469	218.145
795	345.576	345.576	225.345
797.5	345.568	345.568	217.927
800	345.506	345.506	211.379
802.5	345.712	345.712	246.731
805	345.852	345.852	223.449
807.5	345.694	345.694	202.129
810	345.743	345.743	237.862
812.5	345.821	345.821	226.198
815	346.682	346.682	225.68
817.5	345.213	345.213	175.896
820	345.973	345.973	225.644
822.5	345.919	345.919	238.055
825	346.455	346.455	291.209
827.5	346.023	346.023	184.032
830	345.817	345.817	167.283

Forward and Backward Scattering percentages:
WL(nm)	Forward %	Backward %
390	96.4718	3.52818
392.5	96.4556	3.54437
395	96.4066	3.59345
397.5	96.4469	3.55313
400	96.4456	3.55444
402.5	96.4534	3.54663
405	96.4164	3.58355
407.5	96.4224	3.5776
410	96.4222	3.57776
412.5	96.4294	3.57062
415	96.4277	3.57227
417.5	96.4261	3.57392
420	96.436	3.56395
422.5	96.418	3.58202
425	96.3705	3.62947
427.5	96.4123	3.58771
430	96.402	3.59803
432.5	96.4072	3.59275
435	96.4095	3.59046
437.5	96.3609	3.63911
440	96.4162	3.58384
442.5	96.3893	3.61069
445	96.3984	3.60159
447.5	96.3751	3.62485
450	96.367	3.633
452.5	96.3794	3.6206
455	96.3676	3.63239
457.5	96.3545	3.64553
460	96.3572	3.64284
462.5	96.363	3.63695
465	96.3607	3.63934
467.5	96.3137	3.68626
470	96.3512	3.64885
472.5	96.3753	3.62472
475	96.3079	3.69205
477.5	96.3402	3.65983
480	96.3365	3.66351
482.5	96.3382	3.66179
485	96.3317	3.6683
487.5	96.3812	3.61884
490	96.2845	3.71553
492.5	96.3788	3.6212
495	96.3245	3.67545
497.5	96.3251	3.67487
500	96.3217	3.67833
502.5	96.3144	3.68564
505	96.3017	3.69833
507.5	96.3158	3.6842
510	96.2765	3.72349
512.5	96.2901	3.70995
515	96.2842	3.71585
517.5	96.3004	3.69958
520	96.3095	3.69047
522.5	96.2899	3.7101
525	96.273	3.727
527.5	96.2908	3.70921
530	96.2659	3.73409
532.5	96.3804	3.61963
535	96.0464	3.9536
537.5	96.4768	3.52317
540	96.2051	3.79489
542.5	96.3291	3.67095
545	96.3517	3.64829
547.5	96.3852	3.61482
550	96.3363	3.66368
552.5	96.2585	3.74146
555	96.2315	3.7685
557.5	96.2388	3.76115
560	96.2262	3.77382
562.5	96.2291	3.77094
565	96.2237	3.77633
567.5	96.2278	3.77222
570	96.2019	3.79814
572.5	96.2299	3.77009
575	96.2144	3.78555
577.5	96.2381	3.76188
580	96.2298	3.77022
582.5	96.2178	3.78218
585	96.1987	3.80128
587.5	96.2248	3.77518
590	96.2005	3.79954
592.5	96.1889	3.81113
595	96.191	3.80898
597.5	96.236	3.76397
600	96.1693	3.83075
602.5	96.1681	3.83192
605	96.1915	3.80853
607.5	96.195	3.80499
610	96.2085	3.7915
612.5	96.2167	3.78328
615	96.1928	3.80721
617.5	96.176	3.82404
620	96.206	3.79401
622.5	96.1939	3.80606
625	96.1511	3.84891
627.5	96.1533	3.84672
630	96.1256	3.87436
632.5	96.1641	3.83586
635	96.1338	3.86621
637.5	96.1518	3.84819
640	96.1652	3.83482
642.5	96.1564	3.84358
645	96.1102	3.88981
647.5	96.102	3.89803
650	96.1054	3.89457
652.5	96.0789	3.92111
655	95.993	4.00701
657.5	96.1175	3.8825
660	96.0999	3.9001
662.5	96.0619	3.93813
665	96.0923	3.90775
667.5	96.1251	3.87485
670	96.0927	3.90734
672.5	96.112	3.88804
675	96.1334	3.86656
677.5	96.0391	3.9609
680	96.0826	3.91735
682.5	96.0939	3.90607
685	96.1127	3.88727
687.5	96.1227	3.87733
690	96.1013	3.89871
692.5	96.0476	3.95236
695	96.0954	3.90456
697.5	96.1018	3.89825
700	96.0627	3.93725
702.5	96.072	3.92799
705	96.0641	3.93592
707.5	96.0724	3.92755
710	96.0878	3.91223
712.5	96.0898	3.91024
715	96.0336	3.96635
717.5	96.1254	3.87462
720	96.0451	3.95491
722.5	96.0733	3.92667
725	96.1212	3.87885
727.5	96.0185	3.98146
730	96.1966	3.80336
732.5	95.9986	4.00137
735	95.9675	4.03251
737.5	96.004	3.99597
740	96.0364	3.96362
742.5	95.9755	4.02447
745	96.0423	3.95772
747.5	96.0205	3.97946
750	96.0306	3.96936
752.5	96.012	3.98798
755	96.0138	3.98623
757.5	96.0089	3.99106
760	96.0241	3.9759
762.5	96.064	3.93603
765	96.0099	3.99007
767.5	96.0139	3.9861
770	95.998	4.00201
772.5	95.9826	4.01739
775	96.0182	3.98176
777.5	95.9751	4.02494
780	95.9908	4.00918
782.5	96.0329	3.96714
785	95.9149	4.08512
787.5	96.0225	3.9775
790	95.944	4.05604
792.5	96.005	3.99495
795	95.9853	4.0147
797.5	95.9771	4.02294
800	96.0013	3.99871
802.5	95.9688	4.03119
805	95.9605	4.03952
807.5	95.9913	4.00867
810	95.9917	4.00832
812.5	95.9505	4.04945
815	95.9213	4.07873
817.5	96.0548	3.94518
820	95.978	4.02204
822.5	95.9505	4.04952
825	95.9087	4.0913
827.5	96.0022	3.99784
830	96.0016	3.99842

