Simulation parameters:

Distribution: Poly Disperse - Log Normal 
Number of discrete sphere sizes: 101
Mean diameter of spheres: 18 um
Std. deviation: 0.25 um
Total Concentration (Spheres in a volume of 1mm^3): 1e+08

Wavelength Range: 390nm to 830nm in 2.5nm steps

Sphere and Medium Data:
Dia.(um)	Num. Den.(in a vol. of 1mm^3)	Ref. Index of sphere (real | imag)
6.44672	2038	1.333	0	1
6.8257	4794	1.333	0	1
7.20469	10260	1.333	0	1
7.58367	20227	1.333	0	1
7.96265	37102	1.333	0	1
8.34164	63857	1.333	0	1
8.72062	103874	1.333	0	1
9.0996	160679	1.333	0	1
9.47858	237611	1.333	0	1
9.85757	337453	1.333	0	1
10.2365	462092	1.333	0	1
10.6155	612244	1.333	0	1
10.9945	787277	1.333	0	1
11.3735	985164	1.333	0	1
11.7525	1.20256e+06	1.333	0	1
12.1315	1.43496e+06	1.333	0	1
12.5104	1.677e+06	1.333	0	1
12.8894	1.92274e+06	1.333	0	1
13.2684	2.16604e+06	1.333	0	1
13.6474	2.40085e+06	1.333	0	1
14.0264	2.6215e+06	1.333	0	1
14.4054	2.823e+06	1.333	0	1
14.7843	3.00116e+06	1.333	0	1
15.1633	3.15271e+06	1.333	0	1
15.5423	3.27539e+06	1.333	0	1
15.9213	3.3679e+06	1.333	0	1
16.3003	3.42989e+06	1.333	0	1
16.6793	3.46182e+06	1.333	0	1
17.0582	3.46489e+06	1.333	0	1
17.4372	3.44092e+06	1.333	0	1
17.8162	3.39216e+06	1.333	0	1
18.1952	3.32121e+06	1.333	0	1
18.5742	3.23089e+06	1.333	0	1
18.9532	3.12411e+06	1.333	0	1
19.3321	3.00377e+06	1.333	0	1
19.7111	2.87273e+06	1.333	0	1
20.0901	2.73367e+06	1.333	0	1
20.4691	2.58911e+06	1.333	0	1
20.8481	2.44133e+06	1.333	0	1
21.227	2.29239e+06	1.333	0	1
21.606	2.14406e+06	1.333	0	1
21.985	1.99789e+06	1.333	0	1
22.364	1.85517e+06	1.333	0	1
22.743	1.71694e+06	1.333	0	1
23.122	1.58406e+06	1.333	0	1
23.5009	1.45715e+06	1.333	0	1
23.8799	1.33666e+06	1.333	0	1
24.2589	1.22291e+06	1.333	0	1
24.6379	1.11605e+06	1.333	0	1
25.0169	1.01613e+06	1.333	0	1
25.3959	923083	1.333	0	1
25.7748	836788	1.333	0	1
26.1538	757044	1.333	0	1
26.5328	683602	1.333	0	1
26.9118	616179	1.333	0	1
27.2908	554463	1.333	0	1
27.6698	498126	1.333	0	1
28.0487	446832	1.333	0	1
28.4277	400241	1.333	0	1
28.8067	358020	1.333	0	1
29.1857	319837	1.333	0	1
29.5647	285377	1.333	0	1
29.9437	254335	1.333	0	1
30.3226	226420	1.333	0	1
30.7016	201360	1.333	0	1
31.0806	178897	1.333	0	1
31.4596	158792	1.333	0	1
31.8386	140822	1.333	0	1
32.2175	124782	1.333	0	1
32.5965	110482	1.333	0	1
32.9755	97749	1.333	0	1
33.3545	86422	1.333	0	1
33.7335	76357	1.333	0	1
34.1125	67422	1.333	0	1
34.4914	59497	1.333	0	1
34.8704	52475	1.333	0	1
35.2494	46258	1.333	0	1
35.6284	40757	1.333	0	1
36.0074	35893	1.333	0	1
36.3864	31597	1.333	0	1
36.7653	27803	1.333	0	1
37.1443	24456	1.333	0	1
37.5233	21504	1.333	0	1
37.9023	18902	1.333	0	1
38.2813	16610	1.333	0	1
38.6603	14591	1.333	0	1
39.0392	12815	1.333	0	1
39.4182	11251	1.333	0	1
39.7972	9877	1.333	0	1
40.1762	8668	1.333	0	1
40.5552	7606	1.333	0	1
40.9341	6673	1.333	0	1
41.3131	5854	1.333	0	1
41.6921	5134	1.333	0	1
42.0711	4502	1.333	0	1
42.4501	3948	1.333	0	1
42.8291	3461	1.333	0	1
43.208	3034	1.333	0	1
43.587	2660	1.333	0	1
43.966	2332	1.333	0	1
44.345	2044	1.333	0	1


Output:


Scattering Coefficient (us), g and Reduced Scattering Coefficient (us'):
WL(nm)	us(mm^-1)	g	us'(mm^-1)
390	59519.8	0.870771	7691.68
392.5	59554.1	0.870344	7721.55
395	59573.2	0.870196	7732.83
397.5	59587.5	0.869996	7746.62
400	59614.9	0.869637	7771.57
402.5	59607.5	0.869796	7761.13
405	59659.8	0.869075	7810.98
407.5	59614.6	0.869733	7765.83
410	59629.9	0.869778	7765.12
412.5	59641.4	0.869455	7785.87
415	59636	0.869617	7775.52
417.5	59548.8	0.870969	7683.64
420	59656.7	0.869372	7792.87
422.5	59671.2	0.869204	7804.73
425	59651.3	0.86961	7777.93
427.5	59688.5	0.869048	7816.32
430	59694.5	0.868956	7822.58
432.5	59704.2	0.868877	7828.62
435	59692.8	0.86911	7813.19
437.5	59721.9	0.869176	7813.06
440	59728.9	0.868868	7832.38
442.5	59739.4	0.868533	7853.77
445	59768.7	0.86803	7887.7
447.5	59740.4	0.86861	7849.3
450	59717	0.868926	7827.32
452.5	59759.7	0.868437	7862.18
455	59748.4	0.86853	7855.14
457.5	59795.4	0.868006	7892.61
460	59795.3	0.868052	7889.9
462.5	59794.9	0.86808	7888.14
465	59795.8	0.868173	7882.72
467.5	59799.9	0.867753	7908.33
470	59740.6	0.868168	7875.7
472.5	59826.4	0.867246	7942.19
475	59956.1	0.865831	8044.26
477.5	59739.1	0.872991	7587.41
480	59704.2	0.870109	7755.06
482.5	59925	0.866452	8002.88
485	59942.2	0.866243	8017.68
487.5	59918	0.866939	7972.78
490	59864	0.867475	7933.49
492.5	59902.1	0.867032	7965.05
495	59893.1	0.867184	7954.75
497.5	59917.3	0.866784	7981.96
500	59926.4	0.866821	7980.97
502.5	59907.7	0.867156	7958.4
505	59936.7	0.866639	7993.23
507.5	59945.5	0.866674	7992.29
510	59969.2	0.866317	8016.87
512.5	59939	0.866846	7981.11
515	59959.1	0.866533	8002.57
517.5	59976.9	0.866302	8018.8
520	59957.7	0.86656	8000.77
522.5	60009.9	0.86593	8045.54
525	60003.4	0.866072	8036.14
527.5	60031.8	0.865712	8061.57
530	60007.6	0.866076	8036.45
532.5	60048	0.865574	8072.02
535	60036.1	0.865736	8060.68
537.5	60086.8	0.864975	8113.24
540	60076.3	0.86524	8095.89
542.5	60039.7	0.865836	8055.16
545	59918.1	0.867897	7915.34
547.5	60067.5	0.865453	8081.89
550	60060.4	0.865614	8071.26
552.5	60103	0.865047	8111.06
555	60058.1	0.865752	8062.69
557.5	60077.3	0.865488	8081.13
560	60083.1	0.865373	8088.84
562.5	60127.1	0.864868	8125.1
565	60122.1	0.864886	8123.34
567.5	60146.1	0.864745	8135.04
570	60112.3	0.865014	8114.34
572.5	60209.1	0.863657	8209.1
575	60201	0.863713	8204.62
577.5	60152.5	0.864738	8136.35
580	60123.5	0.865312	8097.92
582.5	60210.7	0.864094	8183
585	60273.6	0.863337	8237.19
587.5	60195.2	0.864323	8167.13
590	60186.5	0.864409	8160.77
592.5	60217	0.863975	8190.99
595	60238.4	0.86372	8209.28
597.5	60228.3	0.863918	8196
600	60238.7	0.863812	8203.82
602.5	60241.7	0.86376	8207.32
605	60205.3	0.864334	8167.81
607.5	60229.6	0.864	8191.25
610	60257	0.86365	8216.02
612.5	60236.5	0.864012	8191.45
615	60248	0.863884	8200.73
617.5	60266.1	0.863669	8216.15
620	60275.4	0.863547	8224.74
622.5	60179.4	0.864567	8150.27
625	60293.4	0.863451	8232.98
627.5	60356.7	0.862461	8301.4
630	60246.4	0.864041	8191.04
632.5	60289.6	0.86351	8228.93
635	60317.6	0.863117	8256.42
637.5	60354.1	0.862623	8291.29
640	60342.6	0.862867	8274.94
642.5	60337.1	0.862824	8276.78
645	60405.6	0.861973	8337.58
647.5	60368.6	0.862627	8293.03
650	60307.6	0.863506	8231.65
652.5	60436.9	0.861294	8382.94
655	60363.3	0.863265	8253.78
657.5	60389.9	0.862144	8325.08
660	60391	0.862327	8314.2
662.5	60417.8	0.862336	8317.35
665	60425.8	0.861948	8341.89
667.5	60498.5	0.861025	8407.76
670	60403.5	0.862391	8312.04
672.5	60429.3	0.862072	8334.89
675	60374.9	0.8628	8283.42
677.5	60435.3	0.862038	8337.79
680	60475.7	0.861461	8378.23
682.5	60470.8	0.861593	8369.61
685	60435.9	0.862209	8327.51
687.5	60458.1	0.861827	8353.68
690	60465.3	0.861697	8362.5
692.5	60495.7	0.861467	8380.65
695	60493.2	0.861524	8376.85
697.5	60486.4	0.86133	8387.68
700	60533.5	0.861066	8410.19
702.5	60564.2	0.861478	8389.46
705	60434.3	0.860168	8450.63
707.5	60535.6	0.862464	8325.81
710	60672.4	0.861907	8378.42
712.5	60628.8	0.853264	8896.41
715	60111.9	0.870914	7759.6
717.5	60907.5	0.859286	8570.51
720	60525.4	0.856223	8702.17
722.5	60332.9	0.865696	8102.98
725	60673	0.860725	8450.21
727.5	60871.8	0.856457	8737.73
730	60358.6	0.863604	8232.66
732.5	60555.4	0.860652	8438.26
735	60547.4	0.861352	8394.77
737.5	60560.5	0.860922	8422.65
740	60645.4	0.859828	8500.78
742.5	60566.1	0.861148	8409.75
745	60581.4	0.860803	8432.73
747.5	60684	0.859295	8538.55
750	60673	0.859745	8509.67
752.5	60640.2	0.860108	8483.11
755	60660.5	0.859794	8504.99
757.5	60640.7	0.860166	8479.61
760	60730.1	0.85893	8567.21
762.5	60655	0.860033	8489.69
765	60696.1	0.859448	8530.98
767.5	60675.6	0.859778	8508.06
770	60671.9	0.859862	8502.43
772.5	60684.4	0.859752	8510.85
775	60720.2	0.859248	8546.48
777.5	60720.5	0.859277	8544.8
780	60752.9	0.858832	8576.35
782.5	60716.5	0.859409	8536.17
785	60723.5	0.859342	8541.25
787.5	60713.2	0.859524	8528.77
790	60778.4	0.858608	8593.6
792.5	60800.3	0.858308	8614.9
795	60737.7	0.859264	8548.01
797.5	60775.9	0.858627	8592.05
800	60814.9	0.858248	8620.61
802.5	60720	0.859562	8527.4
805	60806.2	0.858391	8610.7
807.5	60778.1	0.858828	8580.17
810	60800.7	0.858559	8599.69
812.5	60818.4	0.858321	8616.67
815	60748.8	0.859297	8547.55
817.5	60858	0.857874	8649.49
820	60802.2	0.858604	8597.17
822.5	60820.5	0.858391	8612.72
825	60848	0.858048	8637.48
827.5	60931.8	0.85666	8733.95
830	60833	0.858198	8626.22

Scattering (Csca), Extinction (Cext) and Backscattering (Cback) Cross Sections:
WL(nm)	Csca(um^2)	Cext(um^2)	Cback(um^2)
390	595.198	595.198	320.504
392.5	595.541	595.541	383.469
395	595.732	595.732	416.567
397.5	595.875	595.875	400.705
400	596.149	596.149	466.344
402.5	596.075	596.075	398.798
405	596.598	596.598	519.226
407.5	596.146	596.146	371.04
410	596.299	596.299	334.193
412.5	596.414	596.414	427.053
415	596.36	596.36	397.433
417.5	595.488	595.488	485.998
420	596.567	596.567	385.277
422.5	596.712	596.712	400.953
425	596.513	596.513	364.954
427.5	596.885	596.885	386.582
430	596.945	596.945	468.265
432.5	597.042	597.042	392.264
435	596.928	596.928	469.468
437.5	597.219	597.219	413.155
440	597.289	597.289	419.084
442.5	597.394	597.394	428.249
445	597.687	597.687	408.262
447.5	597.404	597.404	417.148
450	597.17	597.17	325.899
452.5	597.597	597.597	391.405
455	597.484	597.484	348.952
457.5	597.954	597.954	419.847
460	597.953	597.953	412.186
462.5	597.949	597.949	420.195
465	597.958	597.958	372.112
467.5	597.999	597.999	394.992
470	597.406	597.406	373.169
472.5	598.264	598.264	409.904
475	599.561	599.561	318.994
477.5	597.391	597.391	201.367
480	597.042	597.042	397.107
482.5	599.25	599.25	411.891
485	599.422	599.422	433.608
487.5	599.18	599.18	296.926
490	598.64	598.64	385.058
492.5	599.021	599.021	395.696
495	598.931	598.931	513.213
497.5	599.173	599.173	511.767
500	599.264	599.264	349.834
502.5	599.077	599.077	376.145
505	599.367	599.367	450.339
507.5	599.455	599.455	422.78
510	599.692	599.692	407.408
512.5	599.39	599.39	386.019
515	599.591	599.591	393.789
517.5	599.769	599.769	446.331
520	599.577	599.577	380.117
522.5	600.099	600.099	393.261
525	600.034	600.034	364.888
527.5	600.318	600.318	426.471
530	600.076	600.076	374.553
532.5	600.48	600.48	464.126
535	600.361	600.361	427.456
537.5	600.868	600.868	441.558
540	600.763	600.763	439.844
542.5	600.397	600.397	383.192
545	599.181	599.181	336.804
547.5	600.674	600.674	389.849
550	600.604	600.604	385.104
552.5	601.03	601.03	437.801
555	600.581	600.581	359.717
557.5	600.773	600.773	381.66
560	600.831	600.831	336.712
562.5	601.271	601.271	377.492
565	601.221	601.221	376.088
567.5	601.461	601.461	439.474
570	601.123	601.123	359.476
572.5	602.091	602.091	409.569
575	602.01	602.01	453.696
577.5	601.525	601.525	380.653
580	601.235	601.235	354.877
582.5	602.107	602.107	485.506
585	602.736	602.736	353.792
587.5	601.952	601.952	351.667
590	601.865	601.865	411.521
592.5	602.17	602.17	444.859
595	602.384	602.384	391.843
597.5	602.283	602.283	403.953
600	602.387	602.387	445.217
602.5	602.417	602.417	377.47
605	602.053	602.053	351.953
607.5	602.296	602.296	382.533
610	602.57	602.57	412.118
612.5	602.365	602.365	378.02
615	602.48	602.48	368.664
617.5	602.661	602.661	381.412
620	602.754	602.754	398.468
622.5	601.794	601.794	417.724
625	602.934	602.934	415.51
627.5	603.567	603.567	455.656
630	602.464	602.464	334.397
632.5	602.896	602.896	365.368
635	603.176	603.176	405.967
637.5	603.541	603.541	423.538
640	603.426	603.426	391.412
642.5	603.371	603.371	381.135
645	604.056	604.056	473.537
647.5	603.686	603.686	405.424
650	603.076	603.076	312.889
652.5	604.369	604.369	465.876
655	603.633	603.633	397.259
657.5	603.899	603.899	384.377
660	603.91	603.91	392.247
662.5	604.178	604.178	463.65
665	604.258	604.258	450.492
667.5	604.985	604.985	449.728
670	604.035	604.035	436.228
672.5	604.293	604.293	408.206
675	603.749	603.749	349.755
677.5	604.353	604.353	394.701
680	604.757	604.757	417.897
682.5	604.708	604.708	415.993
685	604.359	604.359	386.829
687.5	604.581	604.581	372.94
690	604.653	604.653	421.691
692.5	604.957	604.957	396.826
695	604.932	604.932	368.827
697.5	604.864	604.864	420.886
700	605.335	605.335	426.591
702.5	605.642	605.642	388.567
705	604.343	604.343	414.389
707.5	605.356	605.356	436.968
710	606.724	606.724	377.942
712.5	606.288	606.288	505.835
715	601.119	601.119	274.827
717.5	609.075	609.075	234.902
720	605.254	605.254	607.898
722.5	603.329	603.329	268.054
725	606.73	606.73	367.31
727.5	608.718	608.718	556.806
730	603.586	603.586	386.255
732.5	605.554	605.554	330.88
735	605.474	605.474	292.032
737.5	605.605	605.605	348.109
740	606.454	606.454	501.875
742.5	605.661	605.661	357.772
745	605.814	605.814	190.076
747.5	606.84	606.84	665.56
750	606.73	606.73	294.073
752.5	606.402	606.402	393.151
755	606.605	606.605	474.386
757.5	606.407	606.407	397.042
760	607.301	607.301	395.332
762.5	606.55	606.55	400.792
765	606.961	606.961	363.936
767.5	606.756	606.756	381.607
770	606.719	606.719	395.552
772.5	606.844	606.844	380.244
775	607.202	607.202	388.402
777.5	607.205	607.205	393.105
780	607.529	607.529	425.334
782.5	607.165	607.165	385.672
785	607.235	607.235	424.77
787.5	607.132	607.132	295.955
790	607.784	607.784	424.226
792.5	608.003	608.003	446.572
795	607.377	607.377	361.652
797.5	607.759	607.759	398.96
800	608.149	608.149	473.383
802.5	607.2	607.2	325.901
805	608.062	608.062	375.239
807.5	607.781	607.781	383.461
810	608.007	608.007	403.803
812.5	608.184	608.184	388.035
815	607.488	607.488	349.418
817.5	608.58	608.58	436.282
820	608.022	608.022	362.644
822.5	608.205	608.205	414.032
825	608.48	608.48	402.536
827.5	609.318	609.318	501.402
830	608.33	608.33	372.062

Forward and Backward Scattering percentages:
WL(nm)	Forward %	Backward %
390	96.616	3.38396
392.5	96.5983	3.40172
395	96.5949	3.40512
397.5	96.5811	3.4189
400	96.5587	3.44129
402.5	96.5728	3.42716
405	96.5343	3.46573
407.5	96.5691	3.43093
410	96.5614	3.43862
412.5	96.5569	3.44312
415	96.5635	3.43649
417.5	96.6278	3.37219
420	96.556	3.44405
422.5	96.5502	3.44985
425	96.5805	3.41949
427.5	96.5457	3.45427
430	96.5436	3.4564
432.5	96.5387	3.46127
435	96.5367	3.4633
437.5	96.5832	3.41685
440	96.543	3.45704
442.5	96.5302	3.46976
445	96.5068	3.49319
447.5	96.5303	3.46972
450	96.5533	3.44667
452.5	96.5229	3.4771
455	96.5292	3.47082
457.5	96.5103	3.48975
460	96.514	3.48598
462.5	96.5117	3.48825
465	96.5176	3.4824
467.5	96.5034	3.49665
470	96.5172	3.48284
472.5	96.481	3.51899
475	96.5087	3.49126
477.5	96.6866	3.31337
480	96.5993	3.4007
482.5	96.4848	3.51516
485	96.4519	3.54813
487.5	96.48	3.51995
490	96.492	3.50804
492.5	96.4724	3.5276
495	96.4795	3.52047
497.5	96.4709	3.52915
500	96.4637	3.53627
502.5	96.4856	3.51436
505	96.4635	3.53646
507.5	96.4594	3.54059
510	96.463	3.53696
512.5	96.4695	3.53046
515	96.4546	3.54545
517.5	96.4523	3.54773
520	96.4718	3.52818
522.5	96.4422	3.55782
525	96.4396	3.56035
527.5	96.4269	3.57311
530	96.4469	3.55313
532.5	96.4267	3.57329
535	96.4333	3.56666
537.5	96.4123	3.58767
540	96.4164	3.58355
542.5	96.4391	3.56086
545	96.5179	3.4821
547.5	96.4349	3.56511
550	96.4294	3.57062
552.5	96.419	3.58096
555	96.4315	3.56852
557.5	96.4238	3.57618
560	96.436	3.56395
562.5	96.3901	3.60992
565	96.4129	3.58713
567.5	96.4031	3.59694
570	96.4123	3.58771
572.5	96.3603	3.63975
575	96.3716	3.62839
577.5	96.3969	3.60307
580	96.4095	3.59046
582.5	96.3899	3.61013
585	96.3586	3.6414
587.5	96.385	3.615
590	96.3893	3.61069
592.5	96.3723	3.62772
595	96.3667	3.63334
597.5	96.3703	3.62966
600	96.367	3.633
602.5	96.361	3.63902
605	96.3902	3.60983
607.5	96.3788	3.62122
610	96.3545	3.64553
612.5	96.368	3.63198
615	96.3693	3.63072
617.5	96.3613	3.63868
620	96.3607	3.63934
622.5	96.3976	3.60235
625	96.3359	3.66413
627.5	96.3119	3.68815
630	96.3753	3.62472
632.5	96.3519	3.64815
635	96.3461	3.65387
637.5	96.3204	3.67957
640	96.3365	3.66351
642.5	96.3235	3.67651
645	96.3079	3.69213
647.5	96.3248	3.67519
650	96.3812	3.61884
652.5	96.2625	3.73746
655	96.3591	3.64087
657.5	96.3152	3.68477
660	96.3245	3.67545
662.5	96.314	3.68603
665	96.3066	3.69338
667.5	96.2712	3.72884
670	96.3144	3.68564
672.5	96.2968	3.7032
675	96.3445	3.65555
677.5	96.3135	3.68649
680	96.2765	3.72349
682.5	96.2877	3.71225
685	96.3187	3.68129
687.5	96.2985	3.70154
690	96.3004	3.69958
692.5	96.2839	3.71612
695	96.2927	3.70726
697.5	96.2832	3.71681
700	96.273	3.727
702.5	96.2982	3.7018
705	96.2479	3.75213
707.5	96.2685	3.73152
710	96.3804	3.61963
712.5	95.9631	4.03692
715	96.6397	3.36026
717.5	96.1619	3.83808
720	96.2051	3.79489
722.5	96.4195	3.58047
725	96.2437	3.75634
727.5	96.1265	3.87354
730	96.3852	3.61482
732.5	96.2879	3.71207
735	96.2804	3.7196
737.5	96.2715	3.72851
740	96.2315	3.7685
742.5	96.2777	3.72232
745	96.2727	3.72728
747.5	96.2141	3.78594
750	96.2291	3.77094
752.5	96.2396	3.76043
755	96.2328	3.76722
757.5	96.2481	3.75187
760	96.2019	3.79814
762.5	96.2443	3.75568
765	96.2287	3.77131
767.5	96.2308	3.76918
770	96.2381	3.76188
772.5	96.2443	3.7557
775	96.2055	3.79449
777.5	96.2034	3.7966
780	96.1987	3.80128
782.5	96.2125	3.78745
785	96.2225	3.77753
787.5	96.2307	3.76932
790	96.1889	3.81113
792.5	96.1762	3.82383
795	96.2146	3.78541
797.5	96.1812	3.81878
800	96.1693	3.83075
802.5	96.2354	3.76456
805	96.1757	3.8243
807.5	96.1877	3.81228
810	96.195	3.80499
812.5	96.1792	3.82077
815	96.217	3.783
817.5	96.1594	3.84056
820	96.1928	3.80721
822.5	96.1768	3.82323
825	96.1718	3.82815
827.5	96.1	3.90005
830	96.1939	3.80606

