Simulation parameters:

Distribution: Poly Disperse - Log Normal 
Number of discrete sphere sizes: 101
Mean diameter of spheres: 9 um
Std. deviation: 0.25 um
Total Concentration (Spheres in a volume of 1mm^3): 1e+08

Wavelength Range: 390nm to 830nm in 2.5nm steps

Sphere and Medium Data:
Dia.(um)	Num. Den.(in a vol. of 1mm^3)	Ref. Index of sphere (real | imag)
3.22336	2038	1.333	0	1
3.41285	4794	1.333	0	1
3.60234	10260	1.333	0	1
3.79184	20227	1.333	0	1
3.98133	37102	1.333	0	1
4.17082	63857	1.333	0	1
4.36031	103874	1.333	0	1
4.5498	160679	1.333	0	1
4.73929	237611	1.333	0	1
4.92878	337453	1.333	0	1
5.11827	462092	1.333	0	1
5.30777	612244	1.333	0	1
5.49726	787277	1.333	0	1
5.68675	985164	1.333	0	1
5.87624	1.20256e+06	1.333	0	1
6.06573	1.43496e+06	1.333	0	1
6.25522	1.677e+06	1.333	0	1
6.44471	1.92274e+06	1.333	0	1
6.63421	2.16604e+06	1.333	0	1
6.8237	2.40085e+06	1.333	0	1
7.01319	2.6215e+06	1.333	0	1
7.20268	2.823e+06	1.333	0	1
7.39217	3.00116e+06	1.333	0	1
7.58166	3.15271e+06	1.333	0	1
7.77115	3.27539e+06	1.333	0	1
7.96065	3.3679e+06	1.333	0	1
8.15014	3.42989e+06	1.333	0	1
8.33963	3.46182e+06	1.333	0	1
8.52912	3.46489e+06	1.333	0	1
8.71861	3.44092e+06	1.333	0	1
8.9081	3.39216e+06	1.333	0	1
9.09759	3.32121e+06	1.333	0	1
9.28708	3.23089e+06	1.333	0	1
9.47658	3.12411e+06	1.333	0	1
9.66607	3.00377e+06	1.333	0	1
9.85556	2.87273e+06	1.333	0	1
10.045	2.73367e+06	1.333	0	1
10.2345	2.58911e+06	1.333	0	1
10.424	2.44133e+06	1.333	0	1
10.6135	2.29239e+06	1.333	0	1
10.803	2.14406e+06	1.333	0	1
10.9925	1.99789e+06	1.333	0	1
11.182	1.85517e+06	1.333	0	1
11.3715	1.71694e+06	1.333	0	1
11.561	1.58406e+06	1.333	0	1
11.7505	1.45715e+06	1.333	0	1
11.94	1.33666e+06	1.333	0	1
12.1295	1.22291e+06	1.333	0	1
12.3189	1.11605e+06	1.333	0	1
12.5084	1.01613e+06	1.333	0	1
12.6979	923083	1.333	0	1
12.8874	836788	1.333	0	1
13.0769	757044	1.333	0	1
13.2664	683602	1.333	0	1
13.4559	616179	1.333	0	1
13.6454	554463	1.333	0	1
13.8349	498126	1.333	0	1
14.0244	446832	1.333	0	1
14.2139	400241	1.333	0	1
14.4034	358020	1.333	0	1
14.5928	319837	1.333	0	1
14.7823	285377	1.333	0	1
14.9718	254335	1.333	0	1
15.1613	226420	1.333	0	1
15.3508	201360	1.333	0	1
15.5403	178897	1.333	0	1
15.7298	158792	1.333	0	1
15.9193	140822	1.333	0	1
16.1088	124782	1.333	0	1
16.2983	110482	1.333	0	1
16.4878	97749	1.333	0	1
16.6772	86422	1.333	0	1
16.8667	76357	1.333	0	1
17.0562	67422	1.333	0	1
17.2457	59497	1.333	0	1
17.4352	52475	1.333	0	1
17.6247	46258	1.333	0	1
17.8142	40757	1.333	0	1
18.0037	35893	1.333	0	1
18.1932	31597	1.333	0	1
18.3827	27803	1.333	0	1
18.5722	24456	1.333	0	1
18.7617	21504	1.333	0	1
18.9511	18902	1.333	0	1
19.1406	16610	1.333	0	1
19.3301	14591	1.333	0	1
19.5196	12815	1.333	0	1
19.7091	11251	1.333	0	1
19.8986	9877	1.333	0	1
20.0881	8668	1.333	0	1
20.2776	7606	1.333	0	1
20.4671	6673	1.333	0	1
20.6566	5854	1.333	0	1
20.8461	5134	1.333	0	1
21.0355	4502	1.333	0	1
21.225	3948	1.333	0	1
21.4145	3461	1.333	0	1
21.604	3034	1.333	0	1
21.7935	2660	1.333	0	1
21.983	2332	1.333	0	1
22.1725	2044	1.333	0	1


Output:


Scattering Coefficient (us), g and Reduced Scattering Coefficient (us'):
WL(nm)	us(mm^-1)	g	us'(mm^-1)
390	15188.2	0.858832	2144.09
392.5	15180.9	0.859342	2135.31
395	15194.6	0.858608	2148.4
397.5	15184.4	0.859264	2137
400	15203.7	0.858248	2155.15
402.5	15201.5	0.858391	2152.68
405	15200.2	0.858559	2149.92
407.5	15187.2	0.859297	2136.89
410	15200.6	0.858604	2149.29
412.5	15212	0.858048	2159.37
415	15208.3	0.858198	2156.55
417.5	15229.8	0.85733	2172.84
420	15241	0.856627	2185.13
422.5	15226.8	0.857503	2169.77
425	15225.1	0.857579	2168.38
427.5	15225.6	0.85766	2167.21
430	15252.9	0.856042	2195.79
432.5	15235.7	0.857282	2174.41
435	15275.3	0.855136	2212.84
437.5	15222.3	0.857923	2162.74
440	15264.5	0.855836	2200.59
442.5	15246.2	0.856742	2184.14
445	15247.9	0.856765	2184.04
447.5	15265.7	0.855885	2200.01
450	15250.6	0.856702	2185.39
452.5	15254.6	0.856623	2187.16
455	15263.6	0.856069	2196.9
457.5	15267.3	0.856021	2198.17
460	15266.7	0.856109	2196.74
462.5	15268.9	0.856008	2198.6
465	15274	0.855818	2202.23
467.5	15275.4	0.855767	2203.21
470	15294.9	0.854637	2223.31
472.5	15283.5	0.855488	2208.65
475	15279.3	0.855813	2203.09
477.5	15282.4	0.85492	2217.17
480	15303.2	0.854042	2233.62
482.5	15326.8	0.853276	2248.82
485	15306.1	0.854373	2228.98
487.5	15358.6	0.851973	2273.49
490	15321.6	0.854027	2236.55
492.5	15305.8	0.854469	2227.46
495	15346.7	0.852458	2264.29
497.5	15299.2	0.85524	2214.72
500	15326.5	0.853739	2241.68
502.5	15321.2	0.853626	2242.62
505	15335.6	0.85318	2251.57
507.5	15325.5	0.854228	2234.03
510	15334.3	0.853451	2247.23
512.5	15338.8	0.852972	2255.23
515	15347.9	0.852687	2260.94
517.5	15339.4	0.853352	2249.49
520	15346	0.852961	2256.47
522.5	15342.2	0.853292	2250.83
525	15342.6	0.853155	2252.98
527.5	15343.5	0.8533	2250.89
530	15358.9	0.85247	2265.91
532.5	15374.3	0.851617	2281.28
535	15365	0.852237	2270.37
537.5	15372.8	0.85184	2277.64
540	15366.3	0.852143	2272.03
542.5	15369.3	0.852354	2269.22
545	15342.8	0.854072	2238.94
547.5	15351	0.85327	2252.46
550	15398	0.850655	2299.61
552.5	15436.8	0.848893	2332.6
555	15388	0.85148	2285.43
557.5	15384.2	0.851598	2283.04
560	15395.1	0.850917	2295.15
562.5	15402	0.850692	2299.64
565	15415.2	0.85031	2307.5
567.5	15410.7	0.850505	2303.82
570	15392.9	0.851219	2290.17
572.5	15405.6	0.850613	2301.4
575	15422.1	0.85003	2312.86
577.5	15405.2	0.850938	2296.33
580	15405.1	0.85104	2294.74
582.5	15419.6	0.850163	2310.42
585	15415.1	0.850287	2307.83
587.5	15421.8	0.850075	2312.12
590	15459.4	0.848141	2347.65
592.5	15448	0.8488	2335.74
595	15434.3	0.84956	2321.94
597.5	15444.7	0.849066	2331.13
600	15438.7	0.84946	2324.14
602.5	15435.3	0.849692	2320.06
605	15452.9	0.84882	2336.17
607.5	15459.6	0.848605	2340.51
610	15487.8	0.846999	2369.64
612.5	15463.1	0.848234	2346.77
615	15444.1	0.849402	2325.85
617.5	15467.9	0.848256	2347.17
620	15469.3	0.84818	2348.55
622.5	15473.7	0.847923	2353.2
625	15472.1	0.848117	2349.94
627.5	15484.2	0.847588	2359.98
630	15499.2	0.846659	2376.66
632.5	15485.7	0.847479	2361.9
635	15498.7	0.846764	2374.95
637.5	15481	0.847811	2356.04
640	15487.2	0.847679	2359.02
642.5	15478.1	0.848261	2348.63
645	15511.8	0.846286	2384.39
647.5	15513.1	0.845913	2390.37
650	15495.3	0.846789	2374.05
652.5	15506.4	0.846967	2372.99
655	15512.6	0.847276	2369.13
657.5	15522.6	0.846089	2389.08
660	15515.9	0.845641	2395.01
662.5	15508.8	0.846298	2383.73
665	15504.3	0.847314	2367.3
667.5	15532.4	0.846084	2390.68
670	15540.8	0.845329	2403.7
672.5	15533.1	0.845393	2401.52
675	15551	0.844249	2422.09
677.5	15540.5	0.845025	2408.38
680	15573.1	0.843926	2430.56
682.5	15540.2	0.846318	2388.25
685	15554	0.845405	2404.58
687.5	15569.1	0.843651	2434.21
690	15550.9	0.843595	2432.23
692.5	15543.9	0.843907	2426.29
695	15535.7	0.84538	2402.12
697.5	15541.5	0.846702	2382.48
700	15555.3	0.847639	2370.02
702.5	15611.3	0.84521	2416.46
705	15654.3	0.840155	2502.27
707.5	15622.4	0.836405	2555.74
710	15491.6	0.839829	2481.3
712.5	15381.8	0.853365	2255.51
715	15491.9	0.857873	2201.81
717.5	15765.8	0.84491	2445.12
720	15821.3	0.829277	2701.05
722.5	15578.8	0.835369	2564.75
725	15418.2	0.846129	2372.41
727.5	15435.9	0.853077	2267.89
730	15569.2	0.849329	2345.82
732.5	15769.1	0.836312	2581.21
735	15551.2	0.845629	2400.65
737.5	15711.3	0.837061	2559.99
740	15569.8	0.843911	2430.28
742.5	15643.2	0.840128	2500.91
745	15573.4	0.844141	2427.26
747.5	15572.3	0.844425	2422.66
750	15622.6	0.842507	2460.44
752.5	15669	0.84032	2502.03
755	15621.8	0.84265	2458.1
757.5	15599.4	0.843528	2440.86
760	15641.3	0.841125	2485.02
762.5	15640.2	0.841235	2483.12
765	15633.1	0.841765	2473.71
767.5	15646.1	0.841214	2484.38
770	15637.2	0.84178	2474.12
772.5	15641.5	0.841573	2478.05
775	15641.7	0.841581	2477.95
777.5	15648.5	0.84126	2484.05
780	15658.8	0.840743	2493.78
782.5	15649.8	0.841265	2484.18
785	15656.1	0.840974	2489.73
787.5	15658	0.840924	2490.82
790	15669.4	0.840374	2501.24
792.5	15676	0.840054	2507.31
795	15670.5	0.840438	2500.42
797.5	15667.3	0.840633	2496.85
800	15667.1	0.840718	2495.48
802.5	15678.6	0.840125	2506.61
805	15687.7	0.839702	2514.71
807.5	15689.3	0.839662	2515.59
810	15683.1	0.840019	2508.99
812.5	15683.9	0.840049	2508.65
815	15691.4	0.839618	2516.61
817.5	15685.3	0.840031	2509.16
820	15704.7	0.839055	2527.59
822.5	15696.3	0.839544	2518.57
825	15697.3	0.839506	2519.31
827.5	15697.1	0.839565	2518.37
830	15697.9	0.839603	2517.9

Scattering (Csca), Extinction (Cext) and Backscattering (Cback) Cross Sections:
WL(nm)	Csca(um^2)	Cext(um^2)	Cback(um^2)
390	151.882	151.882	106.333
392.5	151.809	151.809	106.193
395	151.946	151.946	106.057
397.5	151.844	151.844	90.4131
400	152.037	152.037	118.346
402.5	152.015	152.015	93.8098
405	152.002	152.002	100.951
407.5	151.872	151.872	87.3545
410	152.006	152.006	90.6611
412.5	152.12	152.12	100.634
415	152.083	152.083	93.0154
417.5	152.298	152.298	124.785
420	152.41	152.41	118.008
422.5	152.268	152.268	108.455
425	152.251	152.251	98.7763
427.5	152.256	152.256	95.9577
430	152.529	152.529	120.168
432.5	152.357	152.357	105.533
435	152.753	152.753	112.983
437.5	152.223	152.223	92.8715
440	152.645	152.645	108.442
442.5	152.462	152.462	96.6199
445	152.479	152.479	96.1097
447.5	152.657	152.657	104.757
450	152.506	152.506	80.9089
452.5	152.546	152.546	91.1634
455	152.636	152.636	94.0862
457.5	152.673	152.673	96.2561
460	152.667	152.667	98.1421
462.5	152.689	152.689	94.7774
465	152.74	152.74	97.042
467.5	152.754	152.754	99.1248
470	152.949	152.949	107.465
472.5	152.835	152.835	92.301
475	152.793	152.793	94.3305
477.5	152.824	152.824	105.054
480	153.032	153.032	114.159
482.5	153.268	153.268	114.606
485	153.061	153.061	83.2394
487.5	153.586	153.586	93.4988
490	153.216	153.216	135.338
492.5	153.058	153.058	103.969
495	153.467	153.467	155.694
497.5	152.992	152.992	94.5138
500	153.265	153.265	97.8947
502.5	153.212	153.212	88.1077
505	153.356	153.356	115.252
507.5	153.255	153.255	95.5077
510	153.343	153.343	95.9914
512.5	153.388	153.388	102.446
515	153.479	153.479	108.622
517.5	153.394	153.394	96.0691
520	153.46	153.46	92.6481
522.5	153.422	153.422	93.6092
525	153.426	153.426	91.8438
527.5	153.435	153.435	87.3516
530	153.589	153.589	100.153
532.5	153.743	153.743	99.2333
535	153.65	153.65	109.658
537.5	153.728	153.728	101.525
540	153.663	153.663	105.717
542.5	153.693	153.693	89.2231
545	153.428	153.428	78.1762
547.5	153.51	153.51	101.169
550	153.98	153.98	129.426
552.5	154.368	154.368	138.775
555	153.88	153.88	91.4262
557.5	153.842	153.842	86.1809
560	153.951	153.951	93.7809
562.5	154.02	154.02	88.472
565	154.152	154.152	94.4334
567.5	154.107	154.107	103.301
570	153.929	153.929	97.6401
572.5	154.056	154.056	99.5099
575	154.221	154.221	90.2228
577.5	154.052	154.052	93.6898
580	154.051	154.051	90.1629
582.5	154.196	154.196	97.9245
585	154.151	154.151	85.3621
587.5	154.218	154.218	92.8701
590	154.594	154.594	102.489
592.5	154.48	154.48	102.493
595	154.343	154.343	97.8949
597.5	154.447	154.447	95.3448
600	154.387	154.387	100.523
602.5	154.353	154.353	98.4675
605	154.529	154.529	100.958
607.5	154.596	154.596	100.368
610	154.878	154.878	113.644
612.5	154.631	154.631	106.189
615	154.441	154.441	91.0664
617.5	154.679	154.679	98.1351
620	154.693	154.693	100.072
622.5	154.737	154.737	98.6809
625	154.721	154.721	99.8747
627.5	154.842	154.842	106.104
630	154.992	154.992	113.541
632.5	154.857	154.857	90.4949
635	154.987	154.987	111.106
637.5	154.81	154.81	93.724
640	154.872	154.872	96.4114
642.5	154.781	154.781	100.435
645	155.118	155.118	107.75
647.5	155.131	155.131	108.573
650	154.953	154.953	99.8991
652.5	155.064	155.064	92.1639
655	155.126	155.126	105.155
657.5	155.226	155.226	104.9
660	155.159	155.159	107.987
662.5	155.088	155.088	98.9167
665	155.043	155.043	92.3902
667.5	155.324	155.324	103.929
670	155.408	155.408	113.502
672.5	155.331	155.331	100.919
675	155.51	155.51	102.983
677.5	155.405	155.405	107.823
680	155.731	155.731	123.506
682.5	155.402	155.402	97.7876
685	155.54	155.54	89.6747
687.5	155.691	155.691	100.488
690	155.509	155.509	112.716
692.5	155.439	155.439	114.064
695	155.357	155.357	95.2686
697.5	155.415	155.415	86.9661
700	155.553	155.553	87.2153
702.5	156.113	156.113	107.401
705	156.543	156.543	117.546
707.5	156.224	156.224	125.688
710	154.916	154.916	116.395
712.5	153.818	153.818	71.5469
715	154.919	154.919	45.0034
717.5	157.658	157.658	79.615
720	158.213	158.213	184.001
722.5	155.788	155.788	140.183
725	154.182	154.182	71.9809
727.5	154.359	154.359	45.6317
730	155.692	155.692	72.1012
732.5	157.691	157.691	129.737
735	155.512	155.512	114.672
737.5	157.113	157.113	156.205
740	155.698	155.698	66.04
742.5	156.432	156.432	58.6453
745	155.734	155.734	60.9121
747.5	155.723	155.723	127.092
750	156.226	156.226	152.93
752.5	156.69	156.69	138.236
755	156.218	156.218	61.6982
757.5	155.994	155.994	59.4106
760	156.413	156.413	93.3771
762.5	156.402	156.402	113.266
765	156.331	156.331	121.622
767.5	156.461	156.461	111.404
770	156.372	156.372	89.1883
772.5	156.415	156.415	86.8955
775	156.417	156.417	92.5827
777.5	156.485	156.485	106.246
780	156.588	156.588	110.84
782.5	156.498	156.498	105.124
785	156.561	156.561	92.6943
787.5	156.58	156.58	78.276
790	156.694	156.694	97.1322
792.5	156.76	156.76	123.18
795	156.705	156.705	117.388
797.5	156.673	156.673	91.0239
800	156.671	156.671	85.6301
802.5	156.786	156.786	90.5973
805	156.877	156.877	100.079
807.5	156.893	156.893	95.8525
810	156.831	156.831	99.6256
812.5	156.839	156.839	99.5096
815	156.914	156.914	100.244
817.5	156.853	156.853	96.4096
820	157.047	157.047	99.684
822.5	156.963	156.963	97.5213
825	156.973	156.973	96.3671
827.5	156.971	156.971	95.9392
830	156.979	156.979	102.754

Forward and Backward Scattering percentages:
WL(nm)	Forward %	Backward %
390	96.1987	3.80128
392.5	96.2225	3.77753
395	96.1889	3.81113
397.5	96.2146	3.78541
400	96.1693	3.83075
402.5	96.1757	3.8243
405	96.195	3.80499
407.5	96.217	3.783
410	96.1928	3.80721
412.5	96.1718	3.82815
415	96.1939	3.80606
417.5	96.1456	3.85438
420	96.1256	3.87436
422.5	96.1474	3.85256
425	96.1518	3.84819
427.5	96.1533	3.8467
430	96.1102	3.88981
432.5	96.1409	3.85909
435	96.0789	3.92111
437.5	96.1812	3.81876
440	96.0999	3.9001
442.5	96.1427	3.85735
445	96.1251	3.87485
447.5	96.0973	3.90269
450	96.1334	3.86656
452.5	96.1348	3.86522
455	96.0939	3.90607
457.5	96.1198	3.88021
460	96.1013	3.89871
462.5	96.1023	3.89774
465	96.1018	3.89825
467.5	96.0963	3.90372
470	96.0641	3.93592
472.5	96.0833	3.91669
475	96.0898	3.91024
477.5	96.0652	3.9348
480	96.0451	3.95491
482.5	95.9842	4.01582
485	96.0185	3.98146
487.5	95.9603	4.03972
490	95.9675	4.03251
492.5	96.0534	3.94659
495	95.9755	4.02447
497.5	96.0859	3.91408
500	96.0306	3.96936
502.5	96.026	3.97397
505	96.0089	3.99106
507.5	96.0602	3.93983
510	96.0099	3.99007
512.5	96.003	3.99697
515	95.9826	4.01739
517.5	96.0169	3.98306
520	95.9908	4.00918
522.5	96.0144	3.98557
525	96.0225	3.9775
527.5	96.0251	3.97485
530	95.9853	4.0147
532.5	95.9558	4.04415
535	95.9688	4.03119
537.5	95.9478	4.05225
540	95.9917	4.00832
542.5	95.9972	4.00275
545	96.0548	3.94518
547.5	96.0047	3.99525
550	95.9087	4.0913
552.5	95.8509	4.14909
555	95.9513	4.04875
557.5	95.9592	4.04082
560	95.9173	4.08274
562.5	95.9149	4.08514
565	95.9076	4.09245
567.5	95.9203	4.07974
570	95.9525	4.04755
572.5	95.9294	4.07059
575	95.9169	4.08314
577.5	95.93	4.06996
580	95.9464	4.05361
582.5	95.8998	4.10018
585	95.9261	4.07392
587.5	95.9142	4.08582
590	95.8371	4.16293
592.5	95.8406	4.15942
595	95.8877	4.11234
597.5	95.894	4.10597
600	95.8817	4.11834
602.5	95.8844	4.11557
605	95.8583	4.1417
607.5	95.8576	4.14239
610	95.8046	4.19543
612.5	95.8437	4.15628
615	95.8953	4.10474
617.5	95.8267	4.17333
620	95.8543	4.14567
622.5	95.8296	4.17042
625	95.8213	4.17868
627.5	95.8087	4.19125
630	95.7909	4.20905
632.5	95.8272	4.17282
635	95.8008	4.19919
637.5	95.83	4.16999
640	95.8193	4.18069
642.5	95.8402	4.15984
645	95.7685	4.23147
647.5	95.7645	4.23554
650	95.7852	4.2148
652.5	95.7728	4.22723
655	95.8169	4.18311
657.5	95.7838	4.21624
660	95.7444	4.2556
662.5	95.7628	4.23724
665	95.8228	4.17724
667.5	95.7593	4.24069
670	95.7427	4.25734
672.5	95.7429	4.25708
675	95.7099	4.29014
677.5	95.7008	4.29923
680	95.6804	4.31963
682.5	95.7626	4.23743
685	95.7599	4.24012
687.5	95.6897	4.31031
690	95.6977	4.30225
692.5	95.6927	4.30734
695	95.7359	4.26414
697.5	95.7296	4.27036
700	95.7795	4.22051
702.5	95.7964	4.20356
705	95.6933	4.30666
707.5	95.4449	4.55506
710	95.394	4.606
712.5	95.9867	4.01329
715	96.3216	3.67844
717.5	95.7523	4.24772
720	95.0069	4.99308
722.5	95.5126	4.48742
725	95.8994	4.10058
727.5	95.9909	4.00912
730	95.862	4.13803
732.5	95.2862	4.71381
735	95.8245	4.17554
737.5	95.423	4.57701
740	95.7335	4.26651
742.5	95.6675	4.33247
745	95.692	4.30804
747.5	95.6773	4.32274
750	95.5927	4.40733
752.5	95.5988	4.40118
755	95.6595	4.34051
757.5	95.6825	4.31748
760	95.5967	4.40333
762.5	95.6104	4.38964
765	95.6168	4.38325
767.5	95.6022	4.39775
770	95.6264	4.37359
772.5	95.6037	4.39634
775	95.5976	4.40241
777.5	95.6017	4.3983
780	95.616	4.38398
782.5	95.6307	4.36926
785	95.5825	4.41745
787.5	95.5608	4.43923
790	95.5674	4.43263
792.5	95.5679	4.43208
795	95.5812	4.4188
797.5	95.5943	4.40573
800	95.5909	4.40913
802.5	95.5648	4.43518
805	95.5535	4.4465
807.5	95.5517	4.4483
810	95.5691	4.43088
812.5	95.5722	4.42782
815	95.5377	4.46231
817.5	95.5524	4.44761
820	95.5213	4.47874
822.5	95.5426	4.45739
825	95.5414	4.45856
827.5	95.5309	4.46911
830	95.5505	4.44946

