Simulation parameters:

Distribution: Poly Disperse - Log Normal 
Number of discrete sphere sizes: 101
Mean diameter of spheres: 19.5 um
Std. deviation: 0.25 um
Total Concentration (Spheres in a volume of 1mm^3): 1e+08

Wavelength Range: 390nm to 830nm in 2.5nm steps

Sphere and Medium Data:
Dia.(um)	Num. Den.(in a vol. of 1mm^3)	Ref. Index of sphere (real | imag)
6.98395	2038	1.333	0	1
7.39451	4794	1.333	0	1
7.80508	10260	1.333	0	1
8.21564	20227	1.333	0	1
8.62621	37102	1.333	0	1
9.03677	63857	1.333	0	1
9.44734	103874	1.333	0	1
9.8579	160679	1.333	0	1
10.2685	237611	1.333	0	1
10.679	337453	1.333	0	1
11.0896	462092	1.333	0	1
11.5002	612244	1.333	0	1
11.9107	787277	1.333	0	1
12.3213	985164	1.333	0	1
12.7319	1.20256e+06	1.333	0	1
13.1424	1.43496e+06	1.333	0	1
13.553	1.677e+06	1.333	0	1
13.9635	1.92274e+06	1.333	0	1
14.3741	2.16604e+06	1.333	0	1
14.7847	2.40085e+06	1.333	0	1
15.1952	2.6215e+06	1.333	0	1
15.6058	2.823e+06	1.333	0	1
16.0164	3.00116e+06	1.333	0	1
16.4269	3.15271e+06	1.333	0	1
16.8375	3.27539e+06	1.333	0	1
17.2481	3.3679e+06	1.333	0	1
17.6586	3.42989e+06	1.333	0	1
18.0692	3.46182e+06	1.333	0	1
18.4798	3.46489e+06	1.333	0	1
18.8903	3.44092e+06	1.333	0	1
19.3009	3.39216e+06	1.333	0	1
19.7115	3.32121e+06	1.333	0	1
20.122	3.23089e+06	1.333	0	1
20.5326	3.12411e+06	1.333	0	1
20.9431	3.00377e+06	1.333	0	1
21.3537	2.87273e+06	1.333	0	1
21.7643	2.73367e+06	1.333	0	1
22.1748	2.58911e+06	1.333	0	1
22.5854	2.44133e+06	1.333	0	1
22.996	2.29239e+06	1.333	0	1
23.4065	2.14406e+06	1.333	0	1
23.8171	1.99789e+06	1.333	0	1
24.2277	1.85517e+06	1.333	0	1
24.6382	1.71694e+06	1.333	0	1
25.0488	1.58406e+06	1.333	0	1
25.4594	1.45715e+06	1.333	0	1
25.8699	1.33666e+06	1.333	0	1
26.2805	1.22291e+06	1.333	0	1
26.6911	1.11605e+06	1.333	0	1
27.1016	1.01613e+06	1.333	0	1
27.5122	923083	1.333	0	1
27.9227	836788	1.333	0	1
28.3333	757044	1.333	0	1
28.7439	683602	1.333	0	1
29.1544	616179	1.333	0	1
29.565	554463	1.333	0	1
29.9756	498126	1.333	0	1
30.3861	446832	1.333	0	1
30.7967	400241	1.333	0	1
31.2073	358020	1.333	0	1
31.6178	319837	1.333	0	1
32.0284	285377	1.333	0	1
32.439	254335	1.333	0	1
32.8495	226420	1.333	0	1
33.2601	201360	1.333	0	1
33.6706	178897	1.333	0	1
34.0812	158792	1.333	0	1
34.4918	140822	1.333	0	1
34.9023	124782	1.333	0	1
35.3129	110482	1.333	0	1
35.7235	97749	1.333	0	1
36.134	86422	1.333	0	1
36.5446	76357	1.333	0	1
36.9552	67422	1.333	0	1
37.3657	59497	1.333	0	1
37.7763	52475	1.333	0	1
38.1869	46258	1.333	0	1
38.5974	40757	1.333	0	1
39.008	35893	1.333	0	1
39.4186	31597	1.333	0	1
39.8291	27803	1.333	0	1
40.2397	24456	1.333	0	1
40.6502	21504	1.333	0	1
41.0608	18902	1.333	0	1
41.4714	16610	1.333	0	1
41.8819	14591	1.333	0	1
42.2925	12815	1.333	0	1
42.7031	11251	1.333	0	1
43.1136	9877	1.333	0	1
43.5242	8668	1.333	0	1
43.9348	7606	1.333	0	1
44.3453	6673	1.333	0	1
44.7559	5854	1.333	0	1
45.1665	5134	1.333	0	1
45.577	4502	1.333	0	1
45.9876	3948	1.333	0	1
46.3982	3461	1.333	0	1
46.8087	3034	1.333	0	1
47.2193	2660	1.333	0	1
47.6298	2332	1.333	0	1
48.0404	2044	1.333	0	1


Output:


Scattering Coefficient (us), g and Reduced Scattering Coefficient (us'):
WL(nm)	us(mm^-1)	g	us'(mm^-1)
390	69744.1	0.872357	8902.38
392.5	69798.7	0.871088	8997.89
395	69886.6	0.87009	9078.99
397.5	69804.3	0.871	9004.74
400	69818.5	0.870887	9014.49
402.5	69842.9	0.870617	9036.5
405	69856.4	0.870504	9046.13
407.5	69863.7	0.870464	9049.86
410	69886.8	0.870291	9064.96
412.5	69892.6	0.87024	9069.23
415	69919.7	0.869902	9096.4
417.5	69888	0.870363	9060.05
420	69874.7	0.870538	9046.09
422.5	69853	0.870771	9027.04
425	69923.9	0.870036	9087.6
427.5	69933.5	0.869917	9097.19
430	69923.3	0.870023	9088.39
432.5	69957.9	0.869693	9116.04
435	69971.6	0.869641	9121.46
437.5	69983.5	0.869478	9134.4
440	69940.5	0.870038	9089.6
442.5	69983.4	0.86956	9128.67
445	69972.9	0.869671	9119.49
447.5	70001.4	0.869425	9140.39
450	70046.5	0.868905	9182.71
452.5	70214.2	0.867253	9320.75
455	70013.8	0.869372	9145.8
457.5	70043	0.86907	9170.74
460	70046.7	0.869091	9169.74
462.5	70049.8	0.869049	9173.07
465	70046.1	0.869099	9169.14
467.5	70023.1	0.869441	9142.17
470	70055.8	0.869138	9167.65
472.5	70090.6	0.868661	9205.65
475	70057.6	0.868787	9192.47
477.5	70143.8	0.868165	9247.44
480	70104.4	0.868646	9208.47
482.5	70105.9	0.868842	9194.98
485	70149	0.868169	9247.82
487.5	70084.5	0.868926	9186.22
490	70130.8	0.868487	9223.08
492.5	70117.6	0.86869	9207.15
495	70132.4	0.868542	9219.49
497.5	70153.3	0.868302	9239.03
500	70135.7	0.868642	9212.91
502.5	70165.9	0.868163	9250.5
505	70194.2	0.867916	9271.52
507.5	70260	0.867657	9298.4
510	70151.9	0.86794	9264.25
512.5	70149.5	0.867972	9261.69
515	70420.1	0.86283	9659.51
517.5	70213.6	0.871038	9054.87
520	70069.5	0.870109	9101.43
522.5	70246.3	0.867409	9314.02
525	70245.1	0.867978	9273.89
527.5	70103.9	0.869236	9167.06
530	70244.5	0.867778	9287.86
532.5	70266.3	0.867441	9314.45
535	70302.8	0.867011	9349.52
537.5	70299.9	0.867172	9337.77
540	70342.4	0.866558	9386.6
542.5	70304.2	0.867167	9338.75
545	70314.4	0.866996	9352.06
547.5	70334.9	0.866832	9366.37
550	70318.7	0.867084	9346.51
552.5	70380.5	0.866317	9408.69
555	70399.3	0.86611	9425.74
557.5	70371.4	0.866505	9394.2
560	70374.4	0.866518	9393.72
562.5	70374.8	0.866511	9394.29
565	70385.7	0.866429	9401.49
567.5	70389.6	0.866404	9403.75
570	70341.1	0.867211	9340.49
572.5	70417.9	0.866169	9424.12
575	70432.8	0.865985	9439.01
577.5	70448.1	0.865858	9450.07
580	70446.4	0.8659	9446.85
582.5	70429.3	0.866055	9433.66
585	70506.3	0.86524	9501.43
587.5	70495.9	0.865436	9486.22
590	70464.8	0.865331	9489.4
592.5	70518.7	0.865225	9504.16
595	70460.5	0.86592	9447.36
597.5	70409.7	0.86657	9394.75
600	70530.1	0.86516	9510.29
602.5	70536.9	0.865085	9516.49
605	70541.7	0.865087	9517.03
607.5	70547.3	0.86502	9522.48
610	70562.2	0.864849	9536.56
612.5	70550.3	0.865052	9520.6
615	70559.4	0.865122	9516.89
617.5	70548.5	0.865014	9523.08
620	70637.9	0.864235	9590.17
622.5	70636.1	0.864204	9592.13
625	70595.4	0.864742	9548.62
627.5	70700.9	0.863318	9663.51
630	70574.6	0.864992	9528.14
632.5	70471.4	0.865945	9447.07
635	70502.8	0.865637	9472.95
637.5	70643.8	0.864211	9592.66
640	70632.4	0.86444	9574.92
642.5	70640.9	0.864391	9579.58
645	70671.2	0.864041	9608.37
647.5	70676.1	0.863995	9612.32
650	70696.8	0.863812	9628.09
652.5	70721.2	0.8636	9646.37
655	70681	0.864038	9609.91
657.5	70747.9	0.863266	9673.64
660	70703.5	0.863828	9627.84
662.5	70665.5	0.864368	9584.54
665	70725.6	0.863692	9640.49
667.5	70738.4	0.863478	9657.31
670	70705.4	0.863904	9622.71
672.5	70691.6	0.864024	9612.37
675	70671	0.864942	9544.66
677.5	70751.2	0.863583	9651.69
680	70732.4	0.863717	9639.59
682.5	70705.8	0.864041	9613.1
685	70778.7	0.863229	9680.45
687.5	70768.1	0.863434	9664.54
690	70779.2	0.863313	9674.58
692.5	70823.2	0.86278	9718.37
695	70810.8	0.863011	9700.28
697.5	70849.8	0.862247	9759.76
700	70803.3	0.863106	9692.57
702.5	70853.4	0.862638	9732.56
705	70899.7	0.862093	9777.57
707.5	70849.6	0.862316	9754.86
710	70854.4	0.863222	9691.35
712.5	70882.2	0.86198	9783.15
715	70875.6	0.862327	9757.64
717.5	70866.7	0.86287	9717.94
720	70902.6	0.862114	9776.45
722.5	70821.2	0.863108	9694.89
725	70912	0.862139	9776.01
727.5	70979.7	0.861373	9839.73
730	70965.1	0.861515	9827.59
732.5	70919	0.862127	9777.84
735	70968	0.8616	9821.99
737.5	70960.5	0.861656	9816.93
740	70928.8	0.862095	9781.44
742.5	70971.7	0.861691	9816.06
745	70972.3	0.861645	9819.4
747.5	70962.7	0.861697	9814.32
750	70971.3	0.861766	9810.65
752.5	71002	0.86148	9835.2
755	70981.4	0.861471	9832.97
757.5	71008.1	0.86115	9859.51
760	71180.9	0.860306	9943.54
762.5	71001.6	0.860696	9890.83
765	70908.8	0.861057	9852.28
767.5	71049.8	0.864374	9636.17
770	71335	0.857882	10138
772.5	70994	0.855106	10286.6
775	70621.3	0.871795	9054.04
777.5	71575.2	0.857112	10227.2
780	71033.2	0.856223	10213
782.5	70801.6	0.865485	9523.9
785	71062.3	0.862511	9770.3
787.5	71055.8	0.861397	9848.54
790	70968.4	0.861526	9827.27
792.5	71194.4	0.859695	9988.9
795	71009.6	0.862117	9791
797.5	71258.5	0.85886	10057.4
800	71054.6	0.861242	9859.38
802.5	71156.2	0.860086	9955.78
805	71205.1	0.859679	9991.6
807.5	71085.5	0.860908	9887.42
810	71210.9	0.859423	10010.6
812.5	71206.5	0.859745	9987.04
815	71161.7	0.860205	9948.07
817.5	71186.7	0.85984	9977.54
820	71196.9	0.859801	9981.71
822.5	71213.4	0.859662	9993.92
825	71202.9	0.859808	9982.09
827.5	71213.7	0.859689	9992.06
830	71200.7	0.859868	9977.47

Scattering (Csca), Extinction (Cext) and Backscattering (Cback) Cross Sections:
WL(nm)	Csca(um^2)	Cext(um^2)	Cback(um^2)
390	697.441	697.441	353.343
392.5	697.987	697.987	475.39
395	698.866	698.866	587.801
397.5	698.043	698.043	433.181
400	698.185	698.185	488.126
402.5	698.429	698.429	601.127
405	698.564	698.564	425.208
407.5	698.637	698.637	650.823
410	698.868	698.868	479.678
412.5	698.926	698.926	532.803
415	699.197	699.197	619.531
417.5	698.88	698.88	501.347
420	698.747	698.747	434.557
422.5	698.53	698.53	376.147
425	699.239	699.239	480.159
427.5	699.335	699.335	486.498
430	699.233	699.233	487.73
432.5	699.579	699.579	485.06
435	699.716	699.716	453.3
437.5	699.835	699.835	467.731
440	699.405	699.405	433.91
442.5	699.834	699.834	565.108
445	699.729	699.729	468.51
447.5	700.013	700.013	470.399
450	700.465	700.465	504.825
452.5	702.142	702.142	958.457
455	700.138	700.138	452.165
457.5	700.43	700.43	502.883
460	700.467	700.467	504.573
462.5	700.498	700.498	466.689
465	700.461	700.461	415.382
467.5	700.231	700.231	401.37
470	700.558	700.558	419.102
472.5	700.906	700.906	458.399
475	700.576	700.576	443.803
477.5	701.438	701.438	587.565
480	701.044	701.044	470.971
482.5	701.059	701.059	442.492
485	701.49	701.49	529.127
487.5	700.845	700.845	382.479
490	701.308	701.308	445.658
492.5	701.176	701.176	456.082
495	701.324	701.324	445.407
497.5	701.533	701.533	444.951
500	701.357	701.357	438.917
502.5	701.659	701.659	439.502
505	701.942	701.942	498.453
507.5	702.6	702.6	485.496
510	701.519	701.519	444.717
512.5	701.495	701.495	500.868
515	704.201	704.201	418.857
517.5	702.136	702.136	211.591
520	700.695	700.695	466.049
522.5	702.463	702.463	457.391
525	702.451	702.451	451.449
527.5	701.039	701.039	477.445
530	702.445	702.445	384.604
532.5	702.663	702.663	498.583
535	703.028	703.028	487.565
537.5	702.999	702.999	284.607
540	703.424	703.424	616.41
542.5	703.042	703.042	381.633
545	703.144	703.144	410.125
547.5	703.349	703.349	531.997
550	703.187	703.187	426.064
552.5	703.805	703.805	478.138
555	703.993	703.993	477.064
557.5	703.714	703.714	459.062
560	703.744	703.744	467.864
562.5	703.748	703.748	437.641
565	703.857	703.857	435.45
567.5	703.896	703.896	470.521
570	703.411	703.411	385.596
572.5	704.179	704.179	467.068
575	704.328	704.328	482.933
577.5	704.481	704.481	468.029
580	704.464	704.464	477.991
582.5	704.293	704.293	445.361
585	705.062	705.062	516.206
587.5	704.959	704.959	485.266
590	704.648	704.648	561.295
592.5	705.187	705.187	444.185
595	704.605	704.605	487.199
597.5	704.097	704.097	315.495
600	705.301	705.301	502.026
602.5	705.369	705.369	474.171
605	705.417	705.417	459.547
607.5	705.473	705.473	417.831
610	705.622	705.622	520.906
612.5	705.503	705.503	480.078
615	705.594	705.594	455.762
617.5	705.485	705.485	421.885
620	706.379	706.379	459.843
622.5	706.361	706.361	459.362
625	705.954	705.954	428.138
627.5	707.009	707.009	569.167
630	705.746	705.746	454.422
632.5	704.714	704.714	374.405
635	705.028	705.028	492.757
637.5	706.438	706.438	498.029
640	706.324	706.324	463.186
642.5	706.409	706.409	436.461
645	706.712	706.712	452.497
647.5	706.761	706.761	433.761
650	706.968	706.968	522.512
652.5	707.212	707.212	486.205
655	706.81	706.81	436.56
657.5	707.479	707.479	451.286
660	707.035	707.035	469.026
662.5	706.655	706.655	475.969
665	707.256	707.256	426.479
667.5	707.383	707.383	465.096
670	707.054	707.054	415.822
672.5	706.916	706.916	446.895
675	706.71	706.71	420.492
677.5	707.512	707.512	461.655
680	707.324	707.324	445.773
682.5	707.058	707.058	392.451
685	707.787	707.787	438.262
687.5	707.681	707.681	440.528
690	707.792	707.792	442.977
692.5	708.232	708.232	487.335
695	708.107	708.107	521.641
697.5	708.498	708.498	534.306
700	708.033	708.033	427.291
702.5	708.534	708.534	532.395
705	708.997	708.997	524.309
707.5	708.496	708.496	468.343
710	708.544	708.544	491.689
712.5	708.822	708.822	485.524
715	708.756	708.756	460.346
717.5	708.667	708.667	495.455
720	709.026	709.026	468.062
722.5	708.212	708.212	394.659
725	709.12	709.12	464.423
727.5	709.797	709.797	532.196
730	709.651	709.651	518.658
732.5	709.19	709.19	463.352
735	709.68	709.68	539.186
737.5	709.605	709.605	482.291
740	709.288	709.288	437.734
742.5	709.717	709.717	527.415
745	709.723	709.723	465.352
747.5	709.627	709.627	494.901
750	709.713	709.713	478.982
752.5	710.02	710.02	455.613
755	709.814	709.814	453.201
757.5	710.081	710.081	483.197
760	711.809	711.809	562.445
762.5	710.016	710.016	464.027
765	709.088	709.088	496.555
767.5	710.498	710.498	408.479
770	713.35	713.35	486.403
772.5	709.94	709.94	678.178
775	706.213	706.213	256.197
777.5	715.752	715.752	348.881
780	710.332	710.332	713.436
782.5	708.016	708.016	331.701
785	710.623	710.623	378.739
787.5	710.558	710.558	475.534
790	709.684	709.684	365.976
792.5	711.944	711.944	302.397
795	710.096	710.096	570.542
797.5	712.585	712.585	483.514
800	710.546	710.546	423.338
802.5	711.562	711.562	628.411
805	712.051	712.051	331.966
807.5	710.855	710.855	298.198
810	712.109	712.109	768.864
812.5	712.065	712.065	345.127
815	711.617	711.617	450.126
817.5	711.867	711.867	538.791
820	711.969	711.969	509.606
822.5	712.134	712.134	432.258
825	712.029	712.029	453.142
827.5	712.137	712.137	505.211
830	712.006	712.006	454.819

Forward and Backward Scattering percentages:
WL(nm)	Forward %	Backward %
390	96.6324	3.36758
392.5	96.6112	3.38879
395	96.5801	3.41989
397.5	96.608	3.392
400	96.6071	3.39295
402.5	96.5999	3.40011
405	96.592	3.40797
407.5	96.593	3.40695
410	96.583	3.41697
412.5	96.5754	3.42463
415	96.5616	3.43838
417.5	96.5872	3.41282
420	96.6017	3.39829
422.5	96.616	3.38396
425	96.5802	3.41984
427.5	96.5749	3.42506
430	96.5865	3.41351
432.5	96.5669	3.43306
435	96.5668	3.43316
437.5	96.5594	3.44055
440	96.5805	3.4195
442.5	96.5542	3.44585
445	96.5702	3.42983
447.5	96.5664	3.43364
450	96.5416	3.45838
452.5	96.4697	3.53034
455	96.556	3.44405
457.5	96.5465	3.45352
460	96.5479	3.45208
462.5	96.5462	3.45382
465	96.547	3.45302
467.5	96.5613	3.43868
470	96.5488	3.45125
472.5	96.4907	3.50929
475	96.5219	3.47815
477.5	96.5093	3.49072
480	96.5401	3.45988
482.5	96.5459	3.45405
485	96.5063	3.4937
487.5	96.5533	3.44667
490	96.5255	3.47451
492.5	96.5324	3.46763
495	96.5321	3.46788
497.5	96.5168	3.48323
500	96.5369	3.46314
502.5	96.5171	3.48293
505	96.5047	3.49527
507.5	96.4965	3.50351
510	96.5117	3.48827
512.5	96.4788	3.52116
515	96.3883	3.61165
517.5	96.6059	3.39409
520	96.5993	3.4007
522.5	96.5062	3.49376
525	96.4877	3.5123
527.5	96.5668	3.43324
530	96.5014	3.49862
532.5	96.4858	3.51416
535	96.4781	3.52186
537.5	96.4822	3.51782
540	96.4553	3.54474
542.5	96.4814	3.51863
545	96.4754	3.52464
547.5	96.4734	3.52662
550	96.4785	3.52154
552.5	96.463	3.53696
555	96.4389	3.56106
557.5	96.4608	3.53921
560	96.4513	3.54873
562.5	96.4511	3.54893
565	96.4526	3.54743
567.5	96.4555	3.54452
570	96.4939	3.50609
572.5	96.4404	3.55956
575	96.433	3.56696
577.5	96.4297	3.57029
580	96.4399	3.56008
582.5	96.4444	3.55562
585	96.4164	3.58355
587.5	96.4223	3.57772
590	96.4032	3.59679
592.5	96.4077	3.59231
595	96.4428	3.55724
597.5	96.4695	3.53054
600	96.4106	3.58937
602.5	96.4118	3.58815
605	96.4088	3.5912
607.5	96.4129	3.58715
610	96.4027	3.59731
612.5	96.3989	3.60112
615	96.4054	3.59464
617.5	96.4123	3.58771
620	96.3967	3.60327
622.5	96.3731	3.6269
625	96.4017	3.59835
627.5	96.335	3.66505
630	96.4043	3.59568
632.5	96.432	3.568
635	96.4391	3.56087
637.5	96.387	3.61295
640	96.3853	3.61474
642.5	96.3871	3.61287
645	96.3758	3.62421
647.5	96.3764	3.62358
650	96.367	3.633
652.5	96.3593	3.64071
655	96.3725	3.62747
657.5	96.3441	3.65591
660	96.367	3.63303
662.5	96.382	3.618
665	96.3687	3.63132
667.5	96.3554	3.64456
670	96.3725	3.62746
672.5	96.3557	3.64434
675	96.402	3.59799
677.5	96.3629	3.6371
680	96.3701	3.62985
682.5	96.3753	3.62472
685	96.3426	3.65743
687.5	96.3528	3.6472
690	96.3528	3.64717
692.5	96.3343	3.6657
695	96.3409	3.65915
697.5	96.3203	3.67968
700	96.3402	3.65983
702.5	96.314	3.68599
705	96.3154	3.68455
707.5	96.2837	3.71634
710	96.3697	3.63031
712.5	96.3054	3.69463
715	96.3245	3.67545
717.5	96.3415	3.65846
720	96.3146	3.6854
722.5	96.3493	3.65069
725	96.3196	3.68038
727.5	96.2759	3.7241
730	96.274	3.726
732.5	96.3135	3.68645
735	96.2908	3.70919
737.5	96.2905	3.70954
740	96.3091	3.69094
742.5	96.2883	3.71171
745	96.2994	3.70062
747.5	96.3004	3.69958
750	96.299	3.70102
752.5	96.2837	3.71627
755	96.2905	3.70948
757.5	96.2768	3.72319
760	96.2539	3.74608
762.5	96.2761	3.72394
765	96.2439	3.75608
767.5	96.367	3.63295
770	96.275	3.72498
772.5	95.9764	4.02364
775	96.7034	3.29663
777.5	96.0596	3.94036
780	96.2051	3.79489
782.5	96.4309	3.56913
785	96.2998	3.70017
787.5	96.3215	3.67848
790	96.2489	3.75109
792.5	96.2241	3.77585
795	96.3029	3.69709
797.5	96.189	3.81098
800	96.2824	3.71762
802.5	96.237	3.76295
805	96.2266	3.77336
807.5	96.2743	3.72573
810	96.2223	3.77766
812.5	96.2291	3.77094
815	96.243	3.75696
817.5	96.2352	3.76478
820	96.2355	3.76445
822.5	96.2242	3.77582
825	96.2295	3.77046
827.5	96.2158	3.78424
830	96.2308	3.76921

