Simulation parameters:

Distribution: Poly Disperse - Log Normal 
Number of discrete sphere sizes: 101
Mean diameter of spheres: 20 um
Std. deviation: 0.25 um
Total Concentration (Spheres in a volume of 1mm^3): 1e+08

Wavelength Range: 390nm to 830nm in 2.5nm steps

Sphere and Medium Data:
Dia.(um)	Num. Den.(in a vol. of 1mm^3)	Ref. Index of sphere (real | imag)
7.16302	2038	1.333	0	1
7.58412	4794	1.333	0	1
8.00521	10260	1.333	0	1
8.4263	20227	1.333	0	1
8.84739	37102	1.333	0	1
9.26848	63857	1.333	0	1
9.68958	103874	1.333	0	1
10.1107	160679	1.333	0	1
10.5318	237611	1.333	0	1
10.9529	337453	1.333	0	1
11.3739	462092	1.333	0	1
11.795	612244	1.333	0	1
12.2161	787277	1.333	0	1
12.6372	985164	1.333	0	1
13.0583	1.20256e+06	1.333	0	1
13.4794	1.43496e+06	1.333	0	1
13.9005	1.677e+06	1.333	0	1
14.3216	1.92274e+06	1.333	0	1
14.7427	2.16604e+06	1.333	0	1
15.1638	2.40085e+06	1.333	0	1
15.5849	2.6215e+06	1.333	0	1
16.006	2.823e+06	1.333	0	1
16.427	3.00116e+06	1.333	0	1
16.8481	3.15271e+06	1.333	0	1
17.2692	3.27539e+06	1.333	0	1
17.6903	3.3679e+06	1.333	0	1
18.1114	3.42989e+06	1.333	0	1
18.5325	3.46182e+06	1.333	0	1
18.9536	3.46489e+06	1.333	0	1
19.3747	3.44092e+06	1.333	0	1
19.7958	3.39216e+06	1.333	0	1
20.2169	3.32121e+06	1.333	0	1
20.638	3.23089e+06	1.333	0	1
21.0591	3.12411e+06	1.333	0	1
21.4801	3.00377e+06	1.333	0	1
21.9012	2.87273e+06	1.333	0	1
22.3223	2.73367e+06	1.333	0	1
22.7434	2.58911e+06	1.333	0	1
23.1645	2.44133e+06	1.333	0	1
23.5856	2.29239e+06	1.333	0	1
24.0067	2.14406e+06	1.333	0	1
24.4278	1.99789e+06	1.333	0	1
24.8489	1.85517e+06	1.333	0	1
25.27	1.71694e+06	1.333	0	1
25.6911	1.58406e+06	1.333	0	1
26.1122	1.45715e+06	1.333	0	1
26.5333	1.33666e+06	1.333	0	1
26.9543	1.22291e+06	1.333	0	1
27.3754	1.11605e+06	1.333	0	1
27.7965	1.01613e+06	1.333	0	1
28.2176	923083	1.333	0	1
28.6387	836788	1.333	0	1
29.0598	757044	1.333	0	1
29.4809	683602	1.333	0	1
29.902	616179	1.333	0	1
30.3231	554463	1.333	0	1
30.7442	498126	1.333	0	1
31.1653	446832	1.333	0	1
31.5864	400241	1.333	0	1
32.0074	358020	1.333	0	1
32.4285	319837	1.333	0	1
32.8496	285377	1.333	0	1
33.2707	254335	1.333	0	1
33.6918	226420	1.333	0	1
34.1129	201360	1.333	0	1
34.534	178897	1.333	0	1
34.9551	158792	1.333	0	1
35.3762	140822	1.333	0	1
35.7973	124782	1.333	0	1
36.2184	110482	1.333	0	1
36.6395	97749	1.333	0	1
37.0605	86422	1.333	0	1
37.4816	76357	1.333	0	1
37.9027	67422	1.333	0	1
38.3238	59497	1.333	0	1
38.7449	52475	1.333	0	1
39.166	46258	1.333	0	1
39.5871	40757	1.333	0	1
40.0082	35893	1.333	0	1
40.4293	31597	1.333	0	1
40.8504	27803	1.333	0	1
41.2715	24456	1.333	0	1
41.6926	21504	1.333	0	1
42.1137	18902	1.333	0	1
42.5347	16610	1.333	0	1
42.9558	14591	1.333	0	1
43.3769	12815	1.333	0	1
43.798	11251	1.333	0	1
44.2191	9877	1.333	0	1
44.6402	8668	1.333	0	1
45.0613	7606	1.333	0	1
45.4824	6673	1.333	0	1
45.9035	5854	1.333	0	1
46.3246	5134	1.333	0	1
46.7457	4502	1.333	0	1
47.1668	3948	1.333	0	1
47.5878	3461	1.333	0	1
48.0089	3034	1.333	0	1
48.43	2660	1.333	0	1
48.8511	2332	1.333	0	1
49.2722	2044	1.333	0	1


Output:


Scattering Coefficient (us), g and Reduced Scattering Coefficient (us'):
WL(nm)	us(mm^-1)	g	us'(mm^-1)
390	73347.6	0.871428	9430.43
392.5	73419.9	0.871081	9465.21
395	73392.3	0.871256	9448.81
397.5	73200.7	0.875493	9113.97
400	73366.6	0.872357	9364.76
402.5	73393.3	0.871461	9433.89
405	73398.9	0.871386	9440.12
407.5	73443.3	0.870863	9484.27
410	73454.9	0.870764	9493.02
412.5	73464.4	0.870682	9500.29
415	73471.7	0.870598	9507.39
417.5	73465.3	0.870777	9493.4
420	73436.6	0.871187	9459.61
422.5	73474.3	0.870759	9495.87
425	73504.9	0.870405	9525.84
427.5	73497.6	0.870549	9514.3
430	73527.5	0.870229	9541.7
432.5	73541.2	0.870136	9550.4
435	73556.6	0.869999	9562.46
437.5	73551.5	0.870081	9555.77
440	73660	0.868451	9689.86
442.5	73554.1	0.870145	9551.34
445	73565.1	0.870051	9559.68
447.5	73593.1	0.869753	9585.26
450	73654.1	0.869075	9643.19
452.5	73637.7	0.869323	9622.78
455	73598	0.869677	9591.54
457.5	73621.3	0.869582	9601.58
460	73616.7	0.869668	9594.64
462.5	73628.4	0.869573	9603.15
465	73574	0.870079	9558.78
467.5	73650.4	0.869383	9620.01
470	73656.8	0.86935	9623.26
472.5	73631.8	0.869658	9597.36
475	73689.5	0.869048	9649.78
477.5	73735.3	0.868588	9689.67
480	73701.9	0.868954	9658.36
482.5	73702	0.869169	9642.52
485	73779	0.867945	9742.87
487.5	73694.4	0.868771	9670.84
490	73719.5	0.868941	9661.6
492.5	73783	0.868194	9725.03
495	73831.9	0.867692	9768.54
497.5	73766.5	0.868452	9703.82
500	73724.6	0.868926	9663.35
502.5	73812.8	0.868022	9741.65
505	73776.2	0.868438	9706.15
507.5	73815.1	0.868082	9737.53
510	73830.1	0.867888	9753.87
512.5	73875	0.867408	9795.19
515	73812.5	0.86817	9730.73
517.5	73832.8	0.868051	9742.2
520	73857.6	0.867718	9770.05
522.5	73795.5	0.867424	9783.49
525	73859.8	0.867246	9805.17
527.5	73978.9	0.867569	9797.14
530	73546.5	0.874974	9195.25
532.5	73942.4	0.864296	10034.3
535	73972.5	0.866961	9841.22
537.5	74061.6	0.865599	9953.98
540	73926.9	0.867343	9806.88
542.5	73833.9	0.868052	9742.24
545	73909.5	0.867507	9792.5
547.5	73963.2	0.86691	9843.74
550	73942.1	0.867184	9820.67
552.5	73986.7	0.866661	9865.28
555	73975.5	0.866894	9846.56
557.5	73986	0.866873	9849.51
560	73991.3	0.866597	9870.66
562.5	73968.6	0.867229	9820.87
565	74003.1	0.866597	9872.22
567.5	73992.3	0.866828	9853.73
570	74053.8	0.866165	9910.99
572.5	74050.8	0.866235	9905.42
575	74045.6	0.866302	9899.75
577.5	74076.1	0.86607	9921.02
580	74093.4	0.865868	9938.27
582.5	74071.1	0.866171	9912.84
585	74155.6	0.8652	9996.17
587.5	74117.3	0.865643	9958.2
590	74035.8	0.866597	9876.58
592.5	74080.3	0.86616	9914.88
595	74126.4	0.865668	9957.52
597.5	74112.1	0.865783	9947.08
600	74168.3	0.86524	9994.93
602.5	74145.9	0.865566	9967.7
605	74208.7	0.864304	10069.8
607.5	74135.5	0.865811	9948.19
610	74198.2	0.865036	10014.1
612.5	74127.6	0.865837	9945.18
615	74191.4	0.865183	10002.2
617.5	74127.7	0.865978	9934.73
620	74185.9	0.865299	9992.92
622.5	74205.9	0.865136	10007.7
625	74231	0.864868	10031
627.5	74317.8	0.863839	10119.2
630	74162.3	0.865841	9949.5
632.5	74224.6	0.86496	10023.3
635	74220.4	0.865408	9989.44
637.5	74185.2	0.865923	9946.55
640	74217.2	0.865192	10005.1
642.5	74274.6	0.864422	10070
645	74357.2	0.863553	10145.8
647.5	74313.9	0.86428	10085.9
650	74411.9	0.863337	10169.4
652.5	74425.9	0.863143	10185.7
655	74260.2	0.864902	10032.4
657.5	74308.9	0.864371	10078.4
660	74353.4	0.863885	10120.6
662.5	74327.7	0.864201	10093.6
665	74363.7	0.863831	10126
667.5	74406.7	0.863313	10170.4
670	74323	0.864396	10078.5
672.5	74396.2	0.863555	10151
675	74357.6	0.864	10112.6
677.5	74364.3	0.86396	10116.5
680	74483.4	0.862628	10231.9
682.5	74388.9	0.8637	10139.2
685	74427.6	0.863301	10174.1
687.5	74430.4	0.863374	10169.1
690	74311.6	0.864767	10049.4
692.5	74450	0.863649	10151.3
695	74500.6	0.862698	10229.1
697.5	74402	0.863776	10135.4
700	74378.2	0.864041	10112.4
702.5	74407.8	0.863767	10136.8
705	74434.9	0.863523	10158.7
707.5	74472.9	0.863111	10194.5
710	74487.1	0.862959	10207.8
712.5	74453.9	0.863382	10171.8
715	74584.5	0.861866	10302.6
717.5	74513.4	0.862716	10229.5
720	74494.5	0.863082	10199.7
722.5	74434.1	0.863744	10142.1
725	74613.5	0.861294	10349.3
727.5	74496.3	0.863444	10172.9
730	74554.9	0.862582	10245.2
732.5	74561.2	0.862003	10289.2
735	74657.7	0.861523	10338.4
737.5	74555	0.862554	10247.3
740	74572.2	0.86229	10269.3
742.5	74534.6	0.862792	10226.7
745	74663.5	0.861394	10348.8
747.5	74594	0.862194	10279.5
750	74537	0.8628	10226.4
752.5	74638.5	0.861728	10320.4
755	74645.1	0.861667	10325.9
757.5	74624.3	0.861909	10304.9
760	74601.8	0.862271	10274.8
762.5	74616.5	0.862151	10285.8
765	74645.1	0.861753	10319.5
767.5	74733.6	0.860807	10402.4
770	74657.1	0.861809	10316.9
772.5	74670.2	0.86167	10329.2
775	74674.6	0.86133	10355.2
777.5	74652.4	0.861841	10313.9
780	74773.3	0.861592	10349.3
782.5	74641.5	0.860598	10405.1
785	74578.9	0.86183	10304.6
787.5	74803.1	0.863952	10176.8
790	75013	0.857222	10710.2
792.5	74573.5	0.85672	10684.9
795	74380	0.871157	9583.38
797.5	75310.3	0.856579	10801.1
800	74722.7	0.856223	10743.4
802.5	74470.9	0.86548	10017.9
805	74730.3	0.862735	10257.8
807.5	74697.8	0.861787	10324.2
810	74615.9	0.861896	10304.7
812.5	74960.3	0.858995	10569.7
815	74588.1	0.863037	10215.8
817.5	74938.3	0.859189	10552.1
820	74768.5	0.860913	10399.3
822.5	74901.3	0.859488	10524.6
825	74773	0.861148	10382.4
827.5	74806	0.860681	10421.9
830	74855.8	0.859954	10483.3

Scattering (Csca), Extinction (Cext) and Backscattering (Cback) Cross Sections:
WL(nm)	Csca(um^2)	Cext(um^2)	Cback(um^2)
390	733.476	733.476	518.557
392.5	734.199	734.199	537.643
395	733.923	733.923	509.477
397.5	732.007	732.007	712.861
400	733.666	733.666	371.696
402.5	733.933	733.933	470.69
405	733.989	733.989	462.846
407.5	734.433	734.433	428.611
410	734.549	734.549	552.115
412.5	734.644	734.644	608.635
415	734.717	734.717	639.69
417.5	734.653	734.653	401.289
420	734.366	734.366	437.636
422.5	734.743	734.743	482.949
425	735.049	735.049	503.399
427.5	734.976	734.976	499.557
430	735.275	735.275	507.898
432.5	735.412	735.412	527.527
435	735.566	735.566	529.941
437.5	735.515	735.515	503.179
440	736.6	736.6	487.913
442.5	735.541	735.541	478.831
445	735.651	735.651	473.1
447.5	735.931	735.931	539.359
450	736.54	736.54	641.02
452.5	736.377	736.377	594.229
455	735.98	735.98	623.226
457.5	736.213	736.213	475.492
460	736.167	736.167	494.026
462.5	736.284	736.284	531.129
465	735.74	735.74	554.66
467.5	736.504	736.504	527.075
470	736.568	736.568	484.093
472.5	736.318	736.318	438.754
475	736.895	736.895	477.262
477.5	737.353	737.353	620.061
480	737.019	737.019	475.551
482.5	737.019	737.019	469.211
485	737.79	737.79	515.297
487.5	736.944	736.944	436.771
490	737.195	737.195	461.1
492.5	737.83	737.83	529.41
495	738.318	738.318	564.454
497.5	737.665	737.665	509.073
500	737.246	737.246	402.345
502.5	738.128	738.128	468.814
505	737.762	737.762	459.805
507.5	738.151	738.151	485.213
510	738.301	738.301	468.741
512.5	738.75	738.75	534.265
515	738.125	738.125	477.921
517.5	738.328	738.328	513.482
520	738.576	738.576	501.841
522.5	737.955	737.955	493.803
525	738.598	738.598	506.054
527.5	739.789	739.789	428.922
530	735.465	735.465	405.175
532.5	739.424	739.424	795.964
535	739.725	739.725	508.74
537.5	740.616	740.616	559.528
540	739.269	739.269	419.51
542.5	738.339	738.339	475.597
545	739.095	739.095	483.192
547.5	739.632	739.632	441.318
550	739.421	739.421	633.596
552.5	739.867	739.867	569.809
555	739.755	739.755	392.464
557.5	739.86	739.86	604.117
560	739.913	739.913	458.136
562.5	739.686	739.686	409.778
565	740.031	740.031	508.195
567.5	739.923	739.923	475.506
570	740.538	740.538	481.505
572.5	740.508	740.508	495.672
575	740.456	740.456	551.026
577.5	740.761	740.761	548.055
580	740.934	740.934	496.315
582.5	740.711	740.711	591.71
585	741.556	741.556	569.068
587.5	741.173	741.173	528.681
590	740.358	740.358	429.046
592.5	740.803	740.803	466.358
595	741.264	741.264	519.584
597.5	741.121	741.121	507.409
600	741.683	741.683	543.018
602.5	741.459	741.459	503.24
605	742.087	742.087	513.406
607.5	741.355	741.355	424.693
610	741.982	741.982	587.072
612.5	741.276	741.276	421.404
615	741.914	741.914	507.322
617.5	741.277	741.277	468.269
620	741.859	741.859	476.255
622.5	742.059	742.059	484.044
625	742.31	742.31	466.039
627.5	743.178	743.178	591.455
630	741.623	741.623	418.599
632.5	742.246	742.246	478.838
635	742.204	742.204	489.449
637.5	741.852	741.852	422.308
640	742.172	742.172	459.223
642.5	742.746	742.746	512.421
645	743.572	743.572	562.638
647.5	743.139	743.139	502.119
650	744.119	744.119	436.78
652.5	744.259	744.259	620.603
655	742.602	742.602	440.525
657.5	743.089	743.089	449.799
660	743.534	743.534	552.501
662.5	743.277	743.277	502.42
665	743.637	743.637	518.939
667.5	744.067	744.067	515.928
670	743.23	743.23	413.334
672.5	743.962	743.962	524.471
675	743.576	743.576	472.262
677.5	743.643	743.643	473.634
680	744.834	744.834	518.413
682.5	743.889	743.889	490.398
685	744.276	744.276	570.345
687.5	744.304	744.304	520.412
690	743.116	743.116	430.45
692.5	744.5	744.5	482.364
695	745.006	745.006	529.821
697.5	744.02	744.02	456.445
700	743.782	743.782	412.835
702.5	744.078	744.078	422.96
705	744.349	744.349	492.226
707.5	744.729	744.729	475.389
710	744.871	744.871	498.346
712.5	744.539	744.539	433.236
715	745.845	745.845	518.566
717.5	745.134	745.134	499.635
720	744.945	744.945	502.806
722.5	744.341	744.341	371.741
725	746.135	746.135	575.156
727.5	744.963	744.963	441.486
730	745.549	745.549	472.529
732.5	745.612	745.612	519.012
735	746.577	746.577	596.118
737.5	745.55	745.55	491.037
740	745.722	745.722	481.907
742.5	745.346	745.346	477.083
745	746.635	746.635	538.295
747.5	745.94	745.94	482.361
750	745.37	745.37	431.796
752.5	746.385	746.385	516.326
755	746.451	746.451	521.595
757.5	746.243	746.243	468.811
760	746.018	746.018	468.646
762.5	746.165	746.165	440.969
765	746.451	746.451	459.906
767.5	747.336	747.336	569.559
770	746.571	746.571	475.053
772.5	746.702	746.702	451.654
775	746.746	746.746	519.612
777.5	746.524	746.524	469.816
780	747.733	747.733	480.908
782.5	746.415	746.415	501.418
785	745.789	745.789	459.572
787.5	748.031	748.031	472.227
790	750.13	750.13	491.35
792.5	745.735	745.735	702.116
795	743.8	743.8	318.197
797.5	753.103	753.103	372.52
800	747.227	747.227	750.492
802.5	744.709	744.709	346.854
805	747.303	747.303	386.208
807.5	746.978	746.978	495.563
810	746.159	746.159	362.941
812.5	749.603	749.603	472.727
815	745.881	745.881	485.679
817.5	749.383	749.383	409.924
820	747.685	747.685	397.511
822.5	749.013	749.013	656.21
825	747.73	747.73	441.694
827.5	748.06	748.06	195.743
830	748.558	748.558	711.145

Forward and Backward Scattering percentages:
WL(nm)	Forward %	Backward %
390	96.6261	3.37394
392.5	96.6126	3.38741
395	96.6071	3.39293
397.5	96.7319	3.26813
400	96.6324	3.36758
402.5	96.6314	3.36855
405	96.633	3.36697
407.5	96.6099	3.39014
410	96.602	3.39802
412.5	96.6008	3.39924
415	96.6005	3.39946
417.5	96.6042	3.39576
420	96.6241	3.37592
422.5	96.603	3.397
425	96.5946	3.40542
427.5	96.5974	3.40255
430	96.5835	3.41651
432.5	96.5857	3.41433
435	96.5764	3.42359
437.5	96.5813	3.41873
440	96.5219	3.47809
442.5	96.5836	3.41643
445	96.5847	3.41527
447.5	96.567	3.43303
450	96.5343	3.46573
452.5	96.5578	3.44223
455	96.562	3.43799
457.5	96.5698	3.43023
460	96.5601	3.43988
462.5	96.5709	3.4291
465	96.5852	3.4148
467.5	96.5557	3.44428
470	96.5603	3.43972
472.5	96.5737	3.4263
475	96.5457	3.45427
477.5	96.5296	3.47044
480	96.5451	3.45488
482.5	96.5538	3.44619
485	96.4996	3.50039
487.5	96.5248	3.47521
490	96.5354	3.46459
492.5	96.5137	3.48633
495	96.4908	3.50918
497.5	96.5255	3.47454
500	96.5533	3.44667
502.5	96.5156	3.48443
505	96.5227	3.47735
507.5	96.5115	3.48851
510	96.5114	3.4886
512.5	96.4777	3.52225
515	96.5122	3.48785
517.5	96.5105	3.48946
520	96.499	3.501
522.5	96.4908	3.50915
525	96.481	3.51899
527.5	96.5619	3.4381
530	96.752	3.24797
532.5	96.4534	3.54658
535	96.4437	3.55634
537.5	96.4464	3.55357
540	96.4955	3.50453
542.5	96.5298	3.47019
545	96.4884	3.51157
547.5	96.4758	3.52421
550	96.4795	3.52047
552.5	96.461	3.53903
555	96.4729	3.5271
557.5	96.4727	3.52733
560	96.4558	3.5442
562.5	96.4927	3.50732
565	96.4634	3.53661
567.5	96.4734	3.52663
570	96.44	3.56004
572.5	96.4548	3.54523
575	96.4523	3.54773
577.5	96.4462	3.55384
580	96.4342	3.56584
582.5	96.442	3.55803
585	96.4041	3.59589
587.5	96.419	3.58103
590	96.4623	3.5377
592.5	96.4559	3.54413
595	96.4272	3.5728
597.5	96.4309	3.56913
600	96.4164	3.58355
602.5	96.4247	3.57529
605	96.3606	3.63941
607.5	96.4346	3.5654
610	96.4181	3.58191
612.5	96.4293	3.57067
615	96.413	3.58697
617.5	96.4479	3.55209
620	96.4181	3.58194
622.5	96.4034	3.59662
625	96.3901	3.60992
627.5	96.3581	3.64188
630	96.4458	3.55416
632.5	96.4083	3.59175
635	96.4127	3.58735
637.5	96.4441	3.55585
640	96.4151	3.5849
642.5	96.3749	3.62514
645	96.3589	3.64114
647.5	96.3913	3.60869
650	96.3586	3.6414
652.5	96.3276	3.6724
655	96.4052	3.59484
657.5	96.3948	3.60519
660	96.3725	3.62754
662.5	96.3801	3.61987
665	96.3628	3.63721
667.5	96.3446	3.65539
670	96.3921	3.60794
672.5	96.3612	3.63875
675	96.3788	3.62122
677.5	96.3752	3.62476
680	96.3418	3.6582
682.5	96.3612	3.6388
685	96.3477	3.65226
687.5	96.3497	3.65028
690	96.3959	3.60414
692.5	96.3398	3.66015
695	96.3348	3.66523
697.5	96.3718	3.62822
700	96.3753	3.62472
702.5	96.3637	3.63634
705	96.3629	3.63707
707.5	96.346	3.65401
710	96.3381	3.66189
712.5	96.356	3.64396
715	96.2944	3.70562
717.5	96.3334	3.66655
720	96.341	3.65902
722.5	96.3947	3.60533
725	96.2625	3.73746
727.5	96.3475	3.65248
730	96.3479	3.65209
732.5	96.2885	3.71146
735	96.2873	3.71271
737.5	96.3223	3.67771
740	96.3252	3.67476
742.5	96.3332	3.66677
745	96.2802	3.71981
747.5	96.3081	3.69191
750	96.3445	3.65555
752.5	96.296	3.70395
755	96.2881	3.71194
757.5	96.3101	3.68989
760	96.3166	3.68342
762.5	96.315	3.68502
765	96.3037	3.69634
767.5	96.2748	3.72518
770	96.2956	3.70437
772.5	96.2953	3.70467
775	96.2832	3.71681
777.5	96.3006	3.6994
780	96.2957	3.70434
782.5	96.2644	3.73558
785	96.2694	3.73058
787.5	96.3646	3.63543
790	96.2409	3.75908
792.5	96.0077	3.9923
795	96.6679	3.33215
797.5	96.044	3.95603
800	96.2051	3.79489
802.5	96.439	3.56095
805	96.2966	3.70344
807.5	96.3466	3.65344
810	96.31	3.68998
812.5	96.2046	3.79542
815	96.3479	3.65208
817.5	96.2194	3.78065
820	96.2676	3.73245
822.5	96.219	3.78101
825	96.2777	3.72232
827.5	96.2685	3.73148
830	96.2261	3.77395

