Simulation parameters:

Distribution: Poly Disperse - Log Normal 
Number of discrete sphere sizes: 101
Mean diameter of spheres: 7.5 um
Std. deviation: 0.25 um
Total Concentration (Spheres in a volume of 1mm^3): 1e+08

Wavelength Range: 390nm to 830nm in 2.5nm steps

Sphere and Medium Data:
Dia.(um)	Num. Den.(in a vol. of 1mm^3)	Ref. Index of sphere (real | imag)
2.68613	2038	1.333	0	1
2.84404	4794	1.333	0	1
3.00195	10260	1.333	0	1
3.15986	20227	1.333	0	1
3.31777	37102	1.333	0	1
3.47568	63857	1.333	0	1
3.63359	103874	1.333	0	1
3.7915	160679	1.333	0	1
3.94941	237611	1.333	0	1
4.10732	337453	1.333	0	1
4.26523	462092	1.333	0	1
4.42314	612244	1.333	0	1
4.58105	787277	1.333	0	1
4.73896	985164	1.333	0	1
4.89687	1.20256e+06	1.333	0	1
5.05478	1.43496e+06	1.333	0	1
5.21269	1.677e+06	1.333	0	1
5.3706	1.92274e+06	1.333	0	1
5.5285	2.16604e+06	1.333	0	1
5.68641	2.40085e+06	1.333	0	1
5.84432	2.6215e+06	1.333	0	1
6.00223	2.823e+06	1.333	0	1
6.16014	3.00116e+06	1.333	0	1
6.31805	3.15271e+06	1.333	0	1
6.47596	3.27539e+06	1.333	0	1
6.63387	3.3679e+06	1.333	0	1
6.79178	3.42989e+06	1.333	0	1
6.94969	3.46182e+06	1.333	0	1
7.1076	3.46489e+06	1.333	0	1
7.26551	3.44092e+06	1.333	0	1
7.42342	3.39216e+06	1.333	0	1
7.58133	3.32121e+06	1.333	0	1
7.73924	3.23089e+06	1.333	0	1
7.89715	3.12411e+06	1.333	0	1
8.05506	3.00377e+06	1.333	0	1
8.21297	2.87273e+06	1.333	0	1
8.37087	2.73367e+06	1.333	0	1
8.52878	2.58911e+06	1.333	0	1
8.68669	2.44133e+06	1.333	0	1
8.8446	2.29239e+06	1.333	0	1
9.00251	2.14406e+06	1.333	0	1
9.16042	1.99789e+06	1.333	0	1
9.31833	1.85517e+06	1.333	0	1
9.47624	1.71694e+06	1.333	0	1
9.63415	1.58406e+06	1.333	0	1
9.79206	1.45715e+06	1.333	0	1
9.94997	1.33666e+06	1.333	0	1
10.1079	1.22291e+06	1.333	0	1
10.2658	1.11605e+06	1.333	0	1
10.4237	1.01613e+06	1.333	0	1
10.5816	923083	1.333	0	1
10.7395	836788	1.333	0	1
10.8974	757044	1.333	0	1
11.0553	683602	1.333	0	1
11.2132	616179	1.333	0	1
11.3712	554463	1.333	0	1
11.5291	498126	1.333	0	1
11.687	446832	1.333	0	1
11.8449	400241	1.333	0	1
12.0028	358020	1.333	0	1
12.1607	319837	1.333	0	1
12.3186	285377	1.333	0	1
12.4765	254335	1.333	0	1
12.6344	226420	1.333	0	1
12.7923	201360	1.333	0	1
12.9502	178897	1.333	0	1
13.1082	158792	1.333	0	1
13.2661	140822	1.333	0	1
13.424	124782	1.333	0	1
13.5819	110482	1.333	0	1
13.7398	97749	1.333	0	1
13.8977	86422	1.333	0	1
14.0556	76357	1.333	0	1
14.2135	67422	1.333	0	1
14.3714	59497	1.333	0	1
14.5293	52475	1.333	0	1
14.6873	46258	1.333	0	1
14.8452	40757	1.333	0	1
15.0031	35893	1.333	0	1
15.161	31597	1.333	0	1
15.3189	27803	1.333	0	1
15.4768	24456	1.333	0	1
15.6347	21504	1.333	0	1
15.7926	18902	1.333	0	1
15.9505	16610	1.333	0	1
16.1084	14591	1.333	0	1
16.2663	12815	1.333	0	1
16.4243	11251	1.333	0	1
16.5822	9877	1.333	0	1
16.7401	8668	1.333	0	1
16.898	7606	1.333	0	1
17.0559	6673	1.333	0	1
17.2138	5854	1.333	0	1
17.3717	5134	1.333	0	1
17.5296	4502	1.333	0	1
17.6875	3948	1.333	0	1
17.8454	3461	1.333	0	1
18.0034	3034	1.333	0	1
18.1613	2660	1.333	0	1
18.3192	2332	1.333	0	1
18.4771	2044	1.333	0	1


Output:


Scattering Coefficient (us), g and Reduced Scattering Coefficient (us'):
WL(nm)	us(mm^-1)	g	us'(mm^-1)
390	10616.8	0.855132	1538.03
392.5	10628.6	0.854195	1549.7
395	10618.6	0.854802	1541.79
397.5	10624.5	0.853906	1552.17
400	10627.2	0.854042	1551.12
402.5	10611.6	0.855606	1532.25
405	10601.3	0.85631	1523.3
407.5	10589.9	0.857105	1513.25
410	10641.2	0.853418	1559.81
412.5	10657.4	0.852458	1572.42
415	10626.7	0.855104	1539.77
417.5	10650.9	0.852934	1566.38
420	10647.1	0.853131	1563.73
422.5	10648.5	0.853725	1557.62
425	10648.8	0.853451	1560.58
427.5	10640.1	0.854011	1553.33
430	10660.1	0.852644	1570.83
432.5	10659.9	0.852831	1568.81
435	10656.1	0.853139	1564.97
437.5	10654.6	0.853155	1564.57
440	10679.7	0.851341	1587.63
442.5	10676.7	0.851679	1583.59
445	10671.8	0.852081	1578.56
447.5	10685.3	0.851008	1592.02
450	10671.1	0.852143	1577.8
452.5	10691	0.851005	1592.91
455	10740.8	0.846934	1644.06
457.5	10697.8	0.850463	1599.72
460	10707.4	0.849825	1607.98
462.5	10686.1	0.85148	1587.1
465	10709.8	0.849532	1611.49
467.5	10690.2	0.85105	1592.3
470	10705	0.850249	1603.09
472.5	10692.6	0.851303	1589.97
475	10689.5	0.851219	1590.39
477.5	10716.3	0.849254	1615.45
480	10705.3	0.850346	1602.09
482.5	10721.3	0.84902	1618.7
485	10701.6	0.850602	1598.8
487.5	10704.9	0.850287	1602.66
490	10732.5	0.848324	1627.86
492.5	10705.4	0.850518	1600.26
495	10723.6	0.849192	1617.21
497.5	10730	0.84876	1622.81
500	10721.3	0.84946	1613.99
502.5	10730.6	0.848748	1623.03
505	10744.2	0.847715	1636.18
507.5	10721.5	0.84965	1611.98
510	10768.3	0.846065	1657.61
512.5	10725.1	0.849402	1615.17
515	10748.9	0.847636	1637.74
517.5	10739.1	0.848439	1627.63
520	10749.7	0.847701	1637.18
522.5	10736.4	0.848759	1623.79
525	10763.3	0.846659	1650.46
527.5	10755.3	0.84739	1641.36
530	10758.8	0.847152	1644.46
532.5	10766.7	0.846631	1651.28
535	10772.9	0.84631	1655.69
537.5	10772.1	0.846286	1655.83
540	10765.2	0.846384	1653.71
542.5	10765.3	0.846635	1651.02
545	10778	0.846718	1652.07
547.5	10770	0.846981	1648.01
550	10774.9	0.845641	1663.2
552.5	10772.3	0.846323	1655.45
555	10795.2	0.845259	1670.46
557.5	10776.8	0.846661	1652.51
560	10784.6	0.845647	1664.65
562.5	10799.3	0.844249	1682.01
565	10783.9	0.84581	1662.78
567.5	10790.2	0.846106	1660.55
570	10794.7	0.846118	1661.1
572.5	10817.9	0.843359	1694.52
575	10799.2	0.843595	1689.05
577.5	10786.6	0.84464	1675.8
580	10785.9	0.846212	1658.73
582.5	10807.3	0.8466	1657.84
585	10821.8	0.84682	1657.67
587.5	10871	0.840155	1737.69
590	10849.6	0.835185	1788.17
592.5	10713.3	0.844979	1660.79
595	10717.6	0.857472	1527.56
597.5	10910.1	0.848603	1651.75
600	10987	0.829277	1875.73
602.5	10817.4	0.835359	1780.99
605	10675	0.852083	1579.02
607.5	10763	0.851908	1593.91
610	10998.2	0.833957	1826.18
612.5	10799.4	0.845629	1667.12
615	10874.9	0.839463	1745.83
617.5	10806.5	0.844531	1680.07
620	10828.1	0.84307	1699.26
622.5	10801.8	0.845276	1671.29
625	10849	0.842507	1708.64
627.5	10871.4	0.841064	1727.86
630	10840.8	0.843109	1700.83
632.5	10859.4	0.841359	1722.74
635	10861.2	0.841218	1724.57
637.5	10856.3	0.841765	1717.85
640	10856.3	0.841939	1715.95
642.5	10862.7	0.841515	1721.58
645	10867.2	0.841195	1725.76
647.5	10878	0.840399	1736.15
650	10874.2	0.840743	1731.79
652.5	10874.8	0.840738	1731.95
655	10874.8	0.840797	1731.29
657.5	10885.2	0.840069	1740.88
660	10873.5	0.841027	1728.59
662.5	10882.3	0.840438	1736.4
665	10884.6	0.840287	1738.41
667.5	10880.8	0.840618	1734.21
670	10892.2	0.839792	1745.03
672.5	10890.5	0.839997	1742.52
675	10891	0.840019	1742.35
677.5	10917.8	0.838008	1768.6
680	10902.4	0.839283	1752.2
682.5	10898.1	0.839637	1747.65
685	10904.3	0.839248	1752.89
687.5	10900.9	0.839506	1749.52
690	10894.9	0.840066	1742.47
692.5	10911.1	0.838858	1758.23
695	10894.6	0.840213	1740.81
697.5	10920.2	0.838276	1766.06
700	10919.6	0.838413	1764.46
702.5	10923.3	0.838204	1767.34
705	10925.6	0.83806	1769.3
707.5	10910.9	0.839212	1754.34
710	10913.6	0.839012	1756.96
712.5	10931.7	0.837773	1773.42
715	10924.3	0.838419	1765.15
717.5	10920	0.838799	1760.31
720	10929.7	0.838055	1770.01
722.5	10943.5	0.837127	1782.4
725	10932.6	0.838067	1770.35
727.5	10939.9	0.837599	1776.65
730	10936.7	0.837881	1773.04
732.5	10943.4	0.837375	1779.68
735	10954.2	0.836545	1790.51
737.5	10968.9	0.835589	1803.42
740	10950.2	0.837001	1784.87
742.5	10959	0.836325	1793.72
745	10985.8	0.83454	1817.72
747.5	10941.5	0.837875	1773.89
750	10950.9	0.837139	1783.47
752.5	10962.3	0.836418	1793.24
755	10962.2	0.836394	1793.48
757.5	10973.6	0.835656	1803.45
760	10980.5	0.835061	1811.1
762.5	10979.9	0.835392	1807.38
765	10994.7	0.834187	1823.06
767.5	10969.6	0.836322	1795.48
770	10994.1	0.834383	1820.81
772.5	10980.2	0.835632	1804.79
775	10991.6	0.834657	1817.39
777.5	10987.9	0.835051	1812.45
780	10977.9	0.835873	1801.77
782.5	10985.6	0.835376	1808.49
785	10992.3	0.834888	1814.96
787.5	10998	0.834541	1819.72
790	11011.2	0.833629	1831.95
792.5	11006	0.834121	1825.67
795	11003.6	0.834295	1823.35
797.5	11001	0.834675	1818.74
800	11001.7	0.834388	1822.01
802.5	11004.2	0.834629	1819.78
805	11011.9	0.833752	1830.72
807.5	11024.5	0.83301	1840.99
810	11021.1	0.833472	1835.32
812.5	11034.4	0.832141	1852.23
815	10990.8	0.835871	1803.92
817.5	11039.8	0.832175	1852.76
820	11022.2	0.83319	1838.61
822.5	10998	0.835596	1808.11
825	11057.6	0.830693	1872.13
827.5	10989.1	0.836059	1801.56
830	11120.1	0.826448	1929.92

Scattering (Csca), Extinction (Cext) and Backscattering (Cback) Cross Sections:
WL(nm)	Csca(um^2)	Cext(um^2)	Cback(um^2)
390	106.168	106.168	70.8812
392.5	106.286	106.286	80.6083
395	106.186	106.186	75.6063
397.5	106.245	106.245	76.8104
400	106.272	106.272	79.2774
402.5	106.116	106.116	66.6763
405	106.013	106.013	61.3801
407.5	105.899	105.899	62.5324
410	106.412	106.412	66.8743
412.5	106.574	106.574	108.121
415	106.267	106.267	62.3294
417.5	106.509	106.509	65.2891
420	106.471	106.471	78.2328
422.5	106.485	106.485	68.1123
425	106.488	106.488	66.6607
427.5	106.401	106.401	62.5489
430	106.601	106.601	68.0551
432.5	106.599	106.599	67.6946
435	106.561	106.561	68.65
437.5	106.546	106.546	63.7804
440	106.797	106.797	81.3651
442.5	106.767	106.767	79.9977
445	106.718	106.718	74.1892
447.5	106.853	106.853	84.9771
450	106.711	106.711	73.4143
452.5	106.91	106.91	66.9258
455	107.408	107.408	87.4956
457.5	106.978	106.978	78.746
460	107.074	107.074	82.9429
462.5	106.861	106.861	63.4904
465	107.098	107.098	96.256
467.5	106.902	106.902	76.2103
470	107.05	107.05	76.6043
472.5	106.926	106.926	66.1028
475	106.895	106.895	67.8056
477.5	107.163	107.163	76.6131
480	107.053	107.053	69.7052
482.5	107.213	107.213	74.0656
485	107.016	107.016	66.9441
487.5	107.049	107.049	59.2792
490	107.325	107.325	78.2576
492.5	107.054	107.054	66.3405
495	107.236	107.236	73.06
497.5	107.3	107.3	71.7161
500	107.213	107.213	69.8076
502.5	107.306	107.306	67.8122
505	107.442	107.442	74.5938
507.5	107.215	107.215	65.0842
510	107.683	107.683	85.1875
512.5	107.251	107.251	63.2406
515	107.489	107.489	83.8065
517.5	107.391	107.391	69.0013
520	107.497	107.497	71.0883
522.5	107.364	107.364	64.388
525	107.633	107.633	78.8477
527.5	107.553	107.553	71.9853
530	107.588	107.588	74.417
532.5	107.667	107.667	68.4978
535	107.729	107.729	69.8679
537.5	107.721	107.721	74.8267
540	107.652	107.652	71.128
542.5	107.653	107.653	68.6861
545	107.78	107.78	74.1835
547.5	107.7	107.7	67.1712
550	107.749	107.749	74.9909
552.5	107.723	107.723	67.4038
555	107.952	107.952	73.1999
557.5	107.768	107.768	69.5427
560	107.846	107.846	69.842
562.5	107.993	107.993	71.5157
565	107.839	107.839	70.5437
567.5	107.902	107.902	74.6215
570	107.947	107.947	64.0852
572.5	108.179	108.179	71.3756
575	107.992	107.992	78.2749
577.5	107.866	107.866	77.3573
580	107.859	107.859	66.0777
582.5	108.073	108.073	68.325
585	108.218	108.218	62.0309
587.5	108.71	108.71	81.6294
590	108.496	108.496	93.5683
592.5	107.133	107.133	68.5145
595	107.176	107.176	36.1551
597.5	109.101	109.101	47.6391
600	109.87	109.87	127.779
602.5	108.174	108.174	93.4081
605	106.75	106.75	31.3823
607.5	107.63	107.63	41.3804
610	109.982	109.982	85.9925
612.5	107.994	107.994	79.6334
615	108.749	108.749	89.2324
617.5	108.065	108.065	34.9098
620	108.281	108.281	42.7311
622.5	108.018	108.018	64.0973
625	108.49	108.49	106.201
627.5	108.714	108.714	75.3254
630	108.408	108.408	41.7504
632.5	108.594	108.594	59.1547
635	108.612	108.612	73.1902
637.5	108.563	108.563	84.4595
640	108.563	108.563	73.1681
642.5	108.627	108.627	61.479
645	108.672	108.672	62.5866
647.5	108.78	108.78	75.6659
650	108.742	108.742	76.9723
652.5	108.748	108.748	74.7506
655	108.748	108.748	57.705
657.5	108.852	108.852	63.3522
660	108.735	108.735	76.637
662.5	108.823	108.823	81.5196
665	108.846	108.846	66.4239
667.5	108.808	108.808	61.5393
670	108.922	108.922	69.0466
672.5	108.905	108.905	72.3092
675	108.91	108.91	69.1844
677.5	109.178	109.178	69.1532
680	109.024	109.024	73.7664
682.5	108.981	108.981	69.8124
685	109.043	109.043	63.3398
687.5	109.009	109.009	66.9216
690	108.949	108.949	62.7061
692.5	109.111	109.111	67.9678
695	108.946	108.946	62.3415
697.5	109.202	109.202	68.5754
700	109.196	109.196	69.5759
702.5	109.233	109.233	70.837
705	109.256	109.256	69.2379
707.5	109.109	109.109	63.8125
710	109.136	109.136	65.214
712.5	109.317	109.317	62.0919
715	109.243	109.243	64.9629
717.5	109.2	109.2	60.9324
720	109.297	109.297	67.3496
722.5	109.435	109.435	71.7899
725	109.326	109.326	67.2375
727.5	109.399	109.399	64.1366
730	109.367	109.367	63.1481
732.5	109.434	109.434	65.5803
735	109.542	109.542	63.9544
737.5	109.689	109.689	79.018
740	109.502	109.502	72.4389
742.5	109.59	109.59	69.2935
745	109.858	109.858	72.2567
747.5	109.415	109.415	60.3168
750	109.509	109.509	63.7567
752.5	109.623	109.623	68.827
755	109.622	109.622	66.1444
757.5	109.736	109.736	64.6192
760	109.805	109.805	72.0565
762.5	109.799	109.799	73.1103
765	109.947	109.947	72.3881
767.5	109.696	109.696	69.1217
770	109.941	109.941	76.5016
772.5	109.802	109.802	61.5569
775	109.916	109.916	72.6191
777.5	109.879	109.879	66.6259
780	109.779	109.779	65.928
782.5	109.856	109.856	62.3247
785	109.923	109.923	62.5998
787.5	109.98	109.98	69.7129
790	110.112	110.112	68.621
792.5	110.06	110.06	61.8163
795	110.036	110.036	64.7413
797.5	110.01	110.01	62.2806
800	110.017	110.017	63.2954
802.5	110.042	110.042	62.8109
805	110.119	110.119	67.9862
807.5	110.245	110.245	73.9381
810	110.211	110.211	65.5191
812.5	110.344	110.344	66.6672
815	109.908	109.908	62.9338
817.5	110.398	110.398	65.5762
820	110.222	110.222	73.7064
822.5	109.98	109.98	59.2759
825	110.576	110.576	73.3665
827.5	109.891	109.891	56.0096
830	111.201	111.201	97.1351

Forward and Backward Scattering percentages:
WL(nm)	Forward %	Backward %
390	96.085	3.91503
392.5	96.0392	3.96079
395	96.0505	3.94947
397.5	96.0059	3.99414
400	96.0451	3.95491
402.5	96.1107	3.88931
405	96.0968	3.90323
407.5	96.1763	3.82374
410	96.0416	3.95844
412.5	95.9755	4.02447
415	96.0647	3.93527
417.5	96.0018	3.99815
420	95.9994	4.00056
422.5	96.0258	3.97424
425	96.0099	3.99007
427.5	96.0442	3.95575
430	96.0123	3.98768
432.5	96.0036	3.99644
435	95.9942	4.00584
437.5	96.0225	3.9775
440	95.9439	4.05606
442.5	95.9457	4.05432
445	95.9599	4.04011
447.5	95.9296	4.07044
450	95.9917	4.00832
452.5	95.9791	4.02091
455	95.7509	4.24906
457.5	95.9277	4.07228
460	95.8715	4.12846
462.5	95.9513	4.04875
465	95.8489	4.1511
467.5	95.9448	4.0552
470	95.9206	4.07945
472.5	95.9535	4.04653
475	95.9525	4.04755
477.5	95.8708	4.12922
480	95.918	4.08195
482.5	95.8419	4.15807
485	95.9316	4.06841
487.5	95.9261	4.07392
490	95.8113	4.18873
492.5	95.9214	4.07865
495	95.8722	4.12784
497.5	95.8441	4.15587
500	95.8817	4.11834
502.5	95.8543	4.14573
505	95.8179	4.18206
507.5	95.8866	4.11336
510	95.735	4.26498
512.5	95.8953	4.10474
515	95.8049	4.19505
517.5	95.838	4.16203
520	95.8153	4.18468
522.5	95.8745	4.12547
525	95.7909	4.20905
527.5	95.8246	4.17541
530	95.817	4.18299
532.5	95.7908	4.20923
535	95.7693	4.23075
537.5	95.7685	4.23147
540	95.7966	4.20338
542.5	95.7614	4.23861
545	95.784	4.216
547.5	95.8129	4.18708
550	95.7444	4.2556
552.5	95.7722	4.22776
555	95.7756	4.22442
557.5	95.8029	4.19706
560	95.7454	4.25458
562.5	95.7099	4.29014
565	95.7672	4.23279
567.5	95.7471	4.25289
570	95.7691	4.23086
572.5	95.6713	4.32875
575	95.6977	4.30225
577.5	95.7135	4.28651
580	95.7498	4.25016
582.5	95.7343	4.2657
585	95.8306	4.1694
587.5	95.6933	4.30666
590	95.3722	4.62784
592.5	95.5773	4.42269
595	96.2771	3.72285
597.5	95.9112	4.08881
600	95.0069	4.99308
602.5	95.5559	4.44414
605	96.0861	3.91393
607.5	95.9669	4.03313
610	95.1386	4.86144
612.5	95.8245	4.17554
615	95.5571	4.44295
617.5	95.7804	4.21965
620	95.6568	4.34317
622.5	95.746	4.25401
625	95.5927	4.40733
627.5	95.6201	4.37988
630	95.6764	4.32358
632.5	95.5903	4.40965
635	95.6178	4.38221
637.5	95.6168	4.38325
640	95.6392	4.36083
642.5	95.6142	4.38576
645	95.586	4.41404
647.5	95.5628	4.43716
650	95.616	4.38398
652.5	95.6072	4.39282
655	95.5552	4.44478
657.5	95.5491	4.45091
660	95.598	4.40197
662.5	95.5812	4.4188
665	95.5781	4.42191
667.5	95.5732	4.42684
670	95.5457	4.45427
672.5	95.5387	4.46128
675	95.5691	4.43088
677.5	95.4889	4.51109
680	95.5032	4.4968
682.5	95.5415	4.45852
685	95.5355	4.46446
687.5	95.5414	4.45856
690	95.5585	4.44148
692.5	95.5273	4.47274
695	95.5756	4.42437
697.5	95.4882	4.51185
700	95.488	4.51202
702.5	95.4913	4.50872
705	95.4806	4.51939
707.5	95.5201	4.47985
710	95.5128	4.48721
712.5	95.4721	4.52789
715	95.4934	4.50665
717.5	95.5174	4.48257
720	95.4926	4.50742
722.5	95.463	4.53704
725	95.5015	4.49849
727.5	95.4796	4.52039
730	95.4739	4.52607
732.5	95.4539	4.54615
735	95.4333	4.56671
737.5	95.3825	4.61745
740	95.4321	4.56787
742.5	95.4279	4.57208
745	95.3908	4.60925
747.5	95.4823	4.51773
750	95.4614	4.53857
752.5	95.4318	4.56816
755	95.4279	4.57212
757.5	95.3894	4.61061
760	95.359	4.64096
762.5	95.3472	4.65276
765	95.3127	4.68725
767.5	95.3873	4.61269
770	95.3506	4.64937
772.5	95.3994	4.60056
775	95.3809	4.61906
777.5	95.3714	4.62861
780	95.4134	4.58659
782.5	95.4002	4.59983
785	95.3758	4.62422
787.5	95.3665	4.63354
790	95.34	4.66
792.5	95.3539	4.64605
795	95.3486	4.6514
797.5	95.3795	4.62045
800	95.3498	4.6502
802.5	95.3735	4.62646
805	95.3484	4.65157
807.5	95.2869	4.71314
810	95.3207	4.67926
812.5	95.2876	4.71241
815	95.387	4.61299
817.5	95.3213	4.67872
820	95.2754	4.72458
822.5	95.3891	4.61095
825	95.2247	4.77533
827.5	95.4165	4.58355
830	95.0319	4.96815

