Simulation parameters:

Distribution: Poly Disperse - Log Normal 
Number of discrete sphere sizes: 101
Mean diameter of spheres: 15.5 um
Std. deviation: 0.25 um
Total Concentration (Spheres in a volume of 1mm^3): 1e+08

Wavelength Range: 390nm to 830nm in 2.5nm steps

Sphere and Medium Data:
Dia.(um)	Num. Den.(in a vol. of 1mm^3)	Ref. Index of sphere (real | imag)
5.55134	2038	1.333	0	1
5.87769	4794	1.333	0	1
6.20404	10260	1.333	0	1
6.53038	20227	1.333	0	1
6.85673	37102	1.333	0	1
7.18308	63857	1.333	0	1
7.50942	103874	1.333	0	1
7.83577	160679	1.333	0	1
8.16211	237611	1.333	0	1
8.48846	337453	1.333	0	1
8.81481	462092	1.333	0	1
9.14115	612244	1.333	0	1
9.4675	787277	1.333	0	1
9.79385	985164	1.333	0	1
10.1202	1.20256e+06	1.333	0	1
10.4465	1.43496e+06	1.333	0	1
10.7729	1.677e+06	1.333	0	1
11.0992	1.92274e+06	1.333	0	1
11.4256	2.16604e+06	1.333	0	1
11.7519	2.40085e+06	1.333	0	1
12.0783	2.6215e+06	1.333	0	1
12.4046	2.823e+06	1.333	0	1
12.731	3.00116e+06	1.333	0	1
13.0573	3.15271e+06	1.333	0	1
13.3837	3.27539e+06	1.333	0	1
13.71	3.3679e+06	1.333	0	1
14.0363	3.42989e+06	1.333	0	1
14.3627	3.46182e+06	1.333	0	1
14.689	3.46489e+06	1.333	0	1
15.0154	3.44092e+06	1.333	0	1
15.3417	3.39216e+06	1.333	0	1
15.6681	3.32121e+06	1.333	0	1
15.9944	3.23089e+06	1.333	0	1
16.3208	3.12411e+06	1.333	0	1
16.6471	3.00377e+06	1.333	0	1
16.9735	2.87273e+06	1.333	0	1
17.2998	2.73367e+06	1.333	0	1
17.6262	2.58911e+06	1.333	0	1
17.9525	2.44133e+06	1.333	0	1
18.2788	2.29239e+06	1.333	0	1
18.6052	2.14406e+06	1.333	0	1
18.9315	1.99789e+06	1.333	0	1
19.2579	1.85517e+06	1.333	0	1
19.5842	1.71694e+06	1.333	0	1
19.9106	1.58406e+06	1.333	0	1
20.2369	1.45715e+06	1.333	0	1
20.5633	1.33666e+06	1.333	0	1
20.8896	1.22291e+06	1.333	0	1
21.216	1.11605e+06	1.333	0	1
21.5423	1.01613e+06	1.333	0	1
21.8687	923083	1.333	0	1
22.195	836788	1.333	0	1
22.5213	757044	1.333	0	1
22.8477	683602	1.333	0	1
23.174	616179	1.333	0	1
23.5004	554463	1.333	0	1
23.8267	498126	1.333	0	1
24.1531	446832	1.333	0	1
24.4794	400241	1.333	0	1
24.8058	358020	1.333	0	1
25.1321	319837	1.333	0	1
25.4585	285377	1.333	0	1
25.7848	254335	1.333	0	1
26.1112	226420	1.333	0	1
26.4375	201360	1.333	0	1
26.7638	178897	1.333	0	1
27.0902	158792	1.333	0	1
27.4165	140822	1.333	0	1
27.7429	124782	1.333	0	1
28.0692	110482	1.333	0	1
28.3956	97749	1.333	0	1
28.7219	86422	1.333	0	1
29.0483	76357	1.333	0	1
29.3746	67422	1.333	0	1
29.701	59497	1.333	0	1
30.0273	52475	1.333	0	1
30.3537	46258	1.333	0	1
30.68	40757	1.333	0	1
31.0063	35893	1.333	0	1
31.3327	31597	1.333	0	1
31.659	27803	1.333	0	1
31.9854	24456	1.333	0	1
32.3117	21504	1.333	0	1
32.6381	18902	1.333	0	1
32.9644	16610	1.333	0	1
33.2908	14591	1.333	0	1
33.6171	12815	1.333	0	1
33.9435	11251	1.333	0	1
34.2698	9877	1.333	0	1
34.5962	8668	1.333	0	1
34.9225	7606	1.333	0	1
35.2489	6673	1.333	0	1
35.5752	5854	1.333	0	1
35.9015	5134	1.333	0	1
36.2279	4502	1.333	0	1
36.5542	3948	1.333	0	1
36.8806	3461	1.333	0	1
37.2069	3034	1.333	0	1
37.5333	2660	1.333	0	1
37.8596	2332	1.333	0	1
38.186	2044	1.333	0	1


Output:


Scattering Coefficient (us), g and Reduced Scattering Coefficient (us'):
WL(nm)	us(mm^-1)	g	us'(mm^-1)
390	44316.1	0.868388	5832.52
392.5	44327.9	0.868164	5844
395	44338.8	0.868064	5849.89
397.5	44361.3	0.867706	5868.72
400	44342.3	0.868074	5849.89
402.5	44358.1	0.867461	5879.17
405	44316.5	0.867564	5869.1
407.5	44324.5	0.86818	5842.84
410	44363.3	0.864657	6004.28
412.5	44511.4	0.861819	6150.64
415	44453.2	0.866021	5955.8
417.5	44413	0.86705	5904.7
420	44474.8	0.865878	5965.04
422.5	44469.3	0.866023	5957.88
425	44413.7	0.867116	5901.87
427.5	44406.4	0.867374	5889.47
430	44419.7	0.86711	5902.91
432.5	44444	0.866747	5922.3
435	44434.6	0.866877	5915.25
437.5	44459.1	0.866411	5939.22
440	44445.1	0.866817	5919.33
442.5	44475.6	0.866228	5949.57
445	44466.6	0.866443	5938.81
447.5	44475.5	0.866414	5941.29
450	44490.7	0.866069	5958.68
452.5	44504.6	0.86588	5968.97
455	44490.9	0.866179	5953.84
457.5	44500.8	0.866047	5961
460	44485.5	0.866332	5946.3
462.5	44492.9	0.866283	5949.45
465	44547.3	0.86524	6003.2
467.5	44549.6	0.865207	6004.96
470	44584.7	0.864381	6046.52
472.5	44550.9	0.865339	5999.29
475	44487.7	0.866543	5937.18
477.5	44549.8	0.865397	5996.53
480	44544.3	0.86555	5988.96
482.5	44572	0.865127	6011.56
485	44564.9	0.865195	6007.56
487.5	44597.5	0.864724	6032.96
490	44572.4	0.865125	6011.72
492.5	44587.6	0.865362	6003.19
495	44635.8	0.863891	6075.35
497.5	44609.3	0.864654	6037.68
500	44611.6	0.864474	6046.05
502.5	44587.6	0.864802	6028.15
505	44556.5	0.865648	5986.25
507.5	44606.2	0.864815	6030.09
510	44638.2	0.864261	6059.16
512.5	44640.3	0.864258	6059.54
515	44647.1	0.864167	6064.54
517.5	44654.6	0.864047	6070.93
520	44662.7	0.863927	6077.37
522.5	44660.6	0.86399	6074.28
525	44685.9	0.863563	6096.8
527.5	44702.5	0.863298	6110.94
530	44682.2	0.863823	6084.71
532.5	44686.4	0.863646	6093.14
535	44660.4	0.864514	6050.86
537.5	44675.7	0.863742	6087.41
540	44694.7	0.863678	6092.86
542.5	44673.4	0.864041	6073.76
545	44720.9	0.863214	6117.2
547.5	44751.4	0.862679	6145.3
550	44748.5	0.862794	6139.76
552.5	44723.6	0.863329	6112.41
555	44756.2	0.862875	6137.19
557.5	44779	0.862315	6165.4
560	44710.7	0.863699	6094.13
562.5	44778.9	0.862066	6176.53
565	44778.4	0.862965	6136.22
567.5	44750.1	0.862535	6151.59
570	44793.3	0.862422	6162.58
572.5	44786.9	0.862332	6165.73
575	44807.6	0.861994	6183.73
577.5	44839.6	0.861446	6212.7
580	44815.4	0.86196	6186.33
582.5	44813.1	0.862025	6183.09
585	44849.9	0.861381	6217.02
587.5	44838.6	0.861582	6206.49
590	44827.9	0.861959	6188.1
592.5	44850.8	0.861368	6217.74
595	44839.6	0.861647	6203.7
597.5	44839.3	0.861906	6192.03
600	44844.6	0.861555	6208.54
602.5	44854	0.8615	6212.27
605	44939.5	0.860848	6253.44
607.5	44779.7	0.860778	6234.31
610	44879.2	0.864486	6081.77
612.5	45043.1	0.856144	6479.71
615	44586	0.865525	5995.7
617.5	45050.1	0.863283	6159.11
620	44880.3	0.856223	6452.76
622.5	44786.5	0.865109	6041.32
625	45041.8	0.8578	6404.95
627.5	44869.9	0.860768	6247.32
630	44972.7	0.859864	6302.29
632.5	44983.1	0.859836	6305.01
635	44896.2	0.861106	6235.84
637.5	44965.4	0.859914	6299.01
640	44980.8	0.859834	6304.8
642.5	44940.4	0.860324	6277.11
645	44970.2	0.860042	6293.95
647.5	44975	0.859971	6297.79
650	44960.8	0.86016	6287.34
652.5	44996	0.859584	6318.16
655	44979.9	0.859944	6299.7
657.5	44995.6	0.859647	6315.25
660	45014.9	0.859356	6331.06
662.5	44979.2	0.860067	6294.09
665	45008.5	0.859484	6324.43
667.5	45019.7	0.859336	6332.65
670	45009.3	0.859585	6320.01
672.5	45011.1	0.859603	6319.41
675	45031.6	0.859262	6337.65
677.5	45058	0.858764	6363.82
680	45043.8	0.859067	6348.17
682.5	45082.4	0.858307	6387.85
685	45047.2	0.859086	6347.8
687.5	45082.5	0.858535	6377.59
690	45061.6	0.858916	6357.45
692.5	45053.8	0.859057	6350
695	45070.3	0.85875	6366.19
697.5	45084.4	0.858559	6376.77
700	45082.5	0.858604	6374.5
702.5	45181.4	0.856861	6467.21
705	45102	0.858338	6389.23
707.5	45114.7	0.8581	6401.78
710	45115.3	0.858137	6400.2
712.5	45182.5	0.85672	6473.75
715	45121.8	0.858003	6407.16
717.5	45170.5	0.857163	6452
720	45079	0.858878	6361.64
722.5	45150.3	0.857608	6429.06
725	45124.4	0.8582	6398.64
727.5	45133	0.85806	6406.17
730	45138.2	0.857991	6410.04
732.5	45157.9	0.857685	6426.66
735	45168.8	0.85745	6438.8
737.5	45158.2	0.857703	6425.86
740	45193.6	0.857077	6459.19
742.5	45198.7	0.85702	6462.49
745	45201	0.857087	6459.83
747.5	45176.1	0.857443	6440.15
750	45172.6	0.856926	6463.01
752.5	45299.1	0.854804	6577.23
755	45296.7	0.855525	6544.22
757.5	45208.3	0.857059	6462.1
760	45134.8	0.858421	6390.12
762.5	45176.5	0.857599	6433.19
765	45223.8	0.856842	6474.17
767.5	45332.1	0.854801	6582.17
770	45239.8	0.856578	6488.36
772.5	45285.3	0.855735	6533.07
775	45234.1	0.856702	6481.96
777.5	45240.1	0.856734	6481.39
780	45301.7	0.855542	6544.22
782.5	45268.7	0.85628	6506.02
785	45298.5	0.855666	6538.13
787.5	45265.8	0.856332	6503.25
790	45265	0.856499	6495.58
792.5	45284.6	0.856062	6518.17
795	45296.5	0.855915	6526.56
797.5	45319.5	0.85545	6550.94
800	45292.7	0.856014	6521.53
802.5	45365.4	0.854616	6595.42
805	45326.8	0.855382	6555.07
807.5	45392.5	0.85428	6614.6
810	45359.3	0.854782	6586.99
812.5	45346.6	0.855222	6565.2
815	45333.3	0.855334	6558.19
817.5	45386.7	0.854323	6611.82
820	45418.6	0.854275	6618.65
822.5	45375.8	0.854084	6621.06
825	45435.6	0.854237	6622.83
827.5	45334.6	0.855234	6562.88
830	45345.4	0.85566	6545.15

Scattering (Csca), Extinction (Cext) and Backscattering (Cback) Cross Sections:
WL(nm)	Csca(um^2)	Cext(um^2)	Cback(um^2)
390	443.161	443.161	284.934
392.5	443.279	443.279	314.909
395	443.388	443.388	337.588
397.5	443.613	443.613	324.767
400	443.423	443.423	289.899
402.5	443.581	443.581	318.819
405	443.165	443.165	307.903
407.5	443.245	443.245	320.343
410	443.633	443.633	442.007
412.5	445.114	445.114	516.452
415	444.532	444.532	322.115
417.5	444.13	444.13	259.629
420	444.748	444.748	170.722
422.5	444.693	444.693	368.315
425	444.137	444.137	252.36
427.5	444.064	444.064	120.837
430	444.197	444.197	231.6
432.5	444.44	444.44	262.662
435	444.346	444.346	341.558
437.5	444.591	444.591	313.139
440	444.451	444.451	297.589
442.5	444.756	444.756	320.975
445	444.666	444.666	291.496
447.5	444.755	444.755	317.048
450	444.907	444.907	308.182
452.5	445.046	445.046	245.895
455	444.909	444.909	274.71
457.5	445.008	445.008	269.348
460	444.855	444.855	289.741
462.5	444.929	444.929	268.563
465	445.473	445.473	326.15
467.5	445.496	445.496	330.208
470	445.847	445.847	310.719
472.5	445.509	445.509	362.041
475	444.877	444.877	205.619
477.5	445.498	445.498	301.257
480	445.443	445.443	283.12
482.5	445.72	445.72	310.056
485	445.649	445.649	293.843
487.5	445.975	445.975	306.79
490	445.724	445.724	293.923
492.5	445.876	445.876	261.357
495	446.358	446.358	291.033
497.5	446.093	446.093	300.123
500	446.116	446.116	282.878
502.5	445.876	445.876	213.796
505	445.565	445.565	347.589
507.5	446.062	446.062	261.664
510	446.382	446.382	302.632
512.5	446.403	446.403	296.312
515	446.471	446.471	285.064
517.5	446.546	446.546	260.002
520	446.627	446.627	331.411
522.5	446.605	446.605	258.976
525	446.859	446.859	326.949
527.5	447.025	447.025	360.582
530	446.822	446.822	301.354
532.5	446.864	446.864	286.032
535	446.604	446.604	268.531
537.5	446.757	446.757	281.166
540	446.947	446.947	301.11
542.5	446.734	446.734	247.959
545	447.209	447.209	280.418
547.5	447.514	447.514	309.233
550	447.485	447.485	321.053
552.5	447.236	447.236	291.451
555	447.562	447.562	314.42
557.5	447.79	447.79	341.791
560	447.107	447.107	219.548
562.5	447.789	447.789	299.623
565	447.784	447.784	273.231
567.5	447.501	447.501	267.906
570	447.933	447.933	284.832
572.5	447.869	447.869	290.56
575	448.076	448.076	279.172
577.5	448.396	448.396	299.509
580	448.154	448.154	296.833
582.5	448.131	448.131	285.458
585	448.499	448.499	310.017
587.5	448.386	448.386	305.884
590	448.279	448.279	299.923
592.5	448.508	448.508	268.512
595	448.396	448.396	300.752
597.5	448.393	448.393	266.635
600	448.446	448.446	301.709
602.5	448.54	448.54	306.849
605	449.395	449.395	320.835
607.5	447.797	447.797	284.255
610	448.792	448.792	261.282
612.5	450.431	450.431	287.525
615	445.86	445.86	343.953
617.5	450.501	450.501	129.506
620	448.803	448.803	450.764
622.5	447.865	447.865	204.686
625	450.418	450.418	345.348
627.5	448.699	448.699	251.262
630	449.727	449.727	152.357
632.5	449.831	449.831	317.097
635	448.962	448.962	260.062
637.5	449.654	449.654	399.677
640	449.808	449.808	211.64
642.5	449.404	449.404	355.161
645	449.702	449.702	350.619
647.5	449.75	449.75	260.896
650	449.608	449.608	327.5
652.5	449.96	449.96	302.234
655	449.799	449.799	258.203
657.5	449.956	449.956	308.164
660	450.149	450.149	299.729
662.5	449.792	449.792	273.467
665	450.085	450.085	271.169
667.5	450.197	450.197	308.253
670	450.093	450.093	280.793
672.5	450.111	450.111	264.95
675	450.316	450.316	335.349
677.5	450.58	450.58	255.54
680	450.438	450.438	296.998
682.5	450.824	450.824	326.885
685	450.472	450.472	261.834
687.5	450.825	450.825	307.61
690	450.616	450.616	283.489
692.5	450.538	450.538	288.833
695	450.703	450.703	282.891
697.5	450.844	450.844	299.425
700	450.825	450.825	294.647
702.5	451.814	451.814	363.26
705	451.02	451.02	278.319
707.5	451.147	451.147	280.14
710	451.153	451.153	286.998
712.5	451.825	451.825	353.165
715	451.218	451.218	307.564
717.5	451.705	451.705	334.684
720	450.79	450.79	199.886
722.5	451.503	451.503	291.918
725	451.244	451.244	283.561
727.5	451.33	451.33	298.482
730	451.382	451.382	292.173
732.5	451.579	451.579	281.109
735	451.688	451.688	284.918
737.5	451.581	451.581	270.027
740	451.936	451.936	352.21
742.5	451.987	451.987	265.772
745	452.01	452.01	333.239
747.5	451.761	451.761	290.399
750	451.726	451.726	305.362
752.5	452.991	452.991	344.906
755	452.967	452.967	335.42
757.5	452.083	452.083	277.878
760	451.348	451.348	210.351
762.5	451.765	451.765	245.342
765	452.238	452.238	292.438
767.5	453.321	453.321	333.562
770	452.398	452.398	301.379
772.5	452.853	452.853	319.342
775	452.341	452.341	239.98
777.5	452.401	452.401	270.237
780	453.017	453.017	314.921
782.5	452.687	452.687	295.153
785	452.985	452.985	293.291
787.5	452.658	452.658	278.493
790	452.65	452.65	305.059
792.5	452.846	452.846	279.747
795	452.965	452.965	282.661
797.5	453.195	453.195	278.58
800	452.927	452.927	275.254
802.5	453.654	453.654	332.375
805	453.268	453.268	326.971
807.5	453.925	453.925	335.234
810	453.593	453.593	308.657
812.5	453.466	453.466	288.762
815	453.333	453.333	292.249
817.5	453.867	453.867	307.128
820	454.186	454.186	307.964
822.5	453.758	453.758	343.355
825	454.356	454.356	286.32
827.5	453.346	453.346	294.102
830	453.454	453.454	256.133

Forward and Backward Scattering percentages:
WL(nm)	Forward %	Backward %
390	96.5262	3.47379
392.5	96.5162	3.4838
395	96.505	3.49498
397.5	96.4919	3.50807
400	96.5118	3.48816
402.5	96.4934	3.50655
405	96.5029	3.49713
407.5	96.4858	3.51415
410	96.3333	3.66673
412.5	96.3467	3.65326
415	96.4389	3.56111
417.5	96.4668	3.53318
420	96.4157	3.58429
422.5	96.4419	3.55806
425	96.4799	3.52014
427.5	96.4914	3.50863
430	96.4847	3.51532
432.5	96.4679	3.53211
435	96.4703	3.52973
437.5	96.4557	3.54428
440	96.4649	3.53514
442.5	96.4472	3.55275
445	96.4607	3.53929
447.5	96.4604	3.5396
450	96.4389	3.56109
452.5	96.4476	3.55239
455	96.4428	3.55724
457.5	96.4517	3.54833
460	96.4529	3.54713
462.5	96.4639	3.53605
465	96.4164	3.58355
467.5	96.4188	3.58117
470	96.4053	3.59473
472.5	96.3983	3.60172
475	96.4661	3.5339
477.5	96.4242	3.57581
480	96.4254	3.57457
482.5	96.4078	3.59215
485	96.4086	3.59145
487.5	96.3946	3.60544
490	96.4092	3.59077
492.5	96.4321	3.56786
495	96.373	3.62703
497.5	96.4046	3.5954
500	96.3963	3.60369
502.5	96.3847	3.61528
505	96.4223	3.57766
507.5	96.4	3.59995
510	96.3793	3.62071
512.5	96.3832	3.61677
515	96.3861	3.61385
517.5	96.3703	3.62974
520	96.3761	3.62391
522.5	96.3884	3.61155
525	96.3589	3.6411
527.5	96.3372	3.66276
530	96.3612	3.6388
532.5	96.3586	3.64141
535	96.4132	3.58684
537.5	96.3885	3.61152
540	96.344	3.65596
542.5	96.3753	3.62472
545	96.344	3.65599
547.5	96.3231	3.67687
550	96.3318	3.66824
552.5	96.3557	3.6443
555	96.3196	3.68036
557.5	96.3081	3.69188
560	96.3863	3.61368
562.5	96.2745	3.72553
565	96.3795	3.62051
567.5	96.3113	3.68874
570	96.3348	3.66522
572.5	96.3131	3.68686
575	96.317	3.68297
577.5	96.2895	3.71045
580	96.3078	3.69215
582.5	96.3044	3.69561
585	96.2868	3.71316
587.5	96.2897	3.71029
590	96.302	3.698
592.5	96.2858	3.7142
595	96.2951	3.70493
597.5	96.312	3.68796
600	96.293	3.70697
602.5	96.2792	3.72085
605	96.2649	3.73507
607.5	96.2532	3.74682
610	96.3636	3.63641
612.5	96.196	3.80397
615	96.3613	3.63874
617.5	96.3259	3.67406
620	96.2051	3.79489
622.5	96.3565	3.64346
625	96.1138	3.88623
627.5	96.2592	3.74077
630	96.2207	3.77933
632.5	96.206	3.79397
635	96.2954	3.70457
637.5	96.2326	3.76739
640	96.2348	3.76515
642.5	96.2469	3.75313
645	96.2484	3.7516
647.5	96.2347	3.76529
650	96.2479	3.75206
652.5	96.2212	3.7788
655	96.2358	3.76418
657.5	96.2313	3.76869
660	96.2209	3.77913
662.5	96.2455	3.75451
665	96.2192	3.78085
667.5	96.2064	3.79362
670	96.222	3.77796
672.5	96.2384	3.76155
675	96.2035	3.79653
677.5	96.1997	3.80027
680	96.2143	3.78565
682.5	96.168	3.83198
685	96.2139	3.78607
687.5	96.1776	3.82242
690	96.2091	3.79091
692.5	96.2061	3.79388
695	96.1955	3.80448
697.5	96.195	3.80499
700	96.1868	3.81316
702.5	96.1178	3.88225
705	96.192	3.80798
707.5	96.1785	3.82151
710	96.1791	3.8209
712.5	96.1053	3.89474
715	96.1768	3.82322
717.5	96.1421	3.85785
720	96.2198	3.78022
722.5	96.1526	3.84744
725	96.1903	3.8097
727.5	96.168	3.832
730	96.172	3.82801
732.5	96.1561	3.84385
735	96.1489	3.85113
737.5	96.163	3.83702
740	96.1363	3.8637
742.5	96.1296	3.87042
745	96.1373	3.86273
747.5	96.1422	3.85783
750	96.0982	3.9018
752.5	96.0812	3.91879
755	96.084	3.91605
757.5	96.1594	3.84056
760	96.2136	3.7864
762.5	96.1534	3.84659
765	96.1421	3.85786
767.5	96.0552	3.94479
770	96.1301	3.86991
772.5	96.0896	3.91042
775	96.1334	3.86656
777.5	96.1467	3.85325
780	96.0783	3.92169
782.5	96.1269	3.87315
785	96.0906	3.90941
787.5	96.1145	3.88547
790	96.1242	3.87582
792.5	96.1102	3.88976
795	96.1011	3.8989
797.5	96.0831	3.91693
800	96.1102	3.88985
802.5	96.055	3.94502
805	96.0736	3.92639
807.5	96.0289	3.97107
810	96.0676	3.93243
812.5	96.0713	3.92872
815	96.0854	3.91462
817.5	96.043	3.95696
820	96.0587	3.94129
822.5	96.036	3.96401
825	96.0303	3.96969
827.5	96.0889	3.91111
830	96.0881	3.91195

