Simulation parameters:

Distribution: Poly Disperse - Log Normal 
Number of discrete sphere sizes: 101
Mean diameter of spheres: 6.5 um
Std. deviation: 0.25 um
Total Concentration (Spheres in a volume of 1mm^3): 1e+08

Wavelength Range: 390nm to 830nm in 2.5nm steps

Sphere and Medium Data:
Dia.(um)	Num. Den.(in a vol. of 1mm^3)	Ref. Index of sphere (real | imag)
2.32798	2038	1.333	0	1
2.46484	4794	1.333	0	1
2.60169	10260	1.333	0	1
2.73855	20227	1.333	0	1
2.8754	37102	1.333	0	1
3.01226	63857	1.333	0	1
3.14911	103874	1.333	0	1
3.28597	160679	1.333	0	1
3.42282	237611	1.333	0	1
3.55968	337453	1.333	0	1
3.69653	462092	1.333	0	1
3.83339	612244	1.333	0	1
3.97024	787277	1.333	0	1
4.1071	985164	1.333	0	1
4.24395	1.20256e+06	1.333	0	1
4.38081	1.43496e+06	1.333	0	1
4.51766	1.677e+06	1.333	0	1
4.65452	1.92274e+06	1.333	0	1
4.79137	2.16604e+06	1.333	0	1
4.92823	2.40085e+06	1.333	0	1
5.06508	2.6215e+06	1.333	0	1
5.20194	2.823e+06	1.333	0	1
5.33879	3.00116e+06	1.333	0	1
5.47564	3.15271e+06	1.333	0	1
5.6125	3.27539e+06	1.333	0	1
5.74935	3.3679e+06	1.333	0	1
5.88621	3.42989e+06	1.333	0	1
6.02306	3.46182e+06	1.333	0	1
6.15992	3.46489e+06	1.333	0	1
6.29677	3.44092e+06	1.333	0	1
6.43363	3.39216e+06	1.333	0	1
6.57048	3.32121e+06	1.333	0	1
6.70734	3.23089e+06	1.333	0	1
6.84419	3.12411e+06	1.333	0	1
6.98105	3.00377e+06	1.333	0	1
7.1179	2.87273e+06	1.333	0	1
7.25476	2.73367e+06	1.333	0	1
7.39161	2.58911e+06	1.333	0	1
7.52847	2.44133e+06	1.333	0	1
7.66532	2.29239e+06	1.333	0	1
7.80218	2.14406e+06	1.333	0	1
7.93903	1.99789e+06	1.333	0	1
8.07589	1.85517e+06	1.333	0	1
8.21274	1.71694e+06	1.333	0	1
8.3496	1.58406e+06	1.333	0	1
8.48645	1.45715e+06	1.333	0	1
8.62331	1.33666e+06	1.333	0	1
8.76016	1.22291e+06	1.333	0	1
8.89702	1.11605e+06	1.333	0	1
9.03387	1.01613e+06	1.333	0	1
9.17073	923083	1.333	0	1
9.30758	836788	1.333	0	1
9.44444	757044	1.333	0	1
9.58129	683602	1.333	0	1
9.71815	616179	1.333	0	1
9.855	554463	1.333	0	1
9.99186	498126	1.333	0	1
10.1287	446832	1.333	0	1
10.2656	400241	1.333	0	1
10.4024	358020	1.333	0	1
10.5393	319837	1.333	0	1
10.6761	285377	1.333	0	1
10.813	254335	1.333	0	1
10.9498	226420	1.333	0	1
11.0867	201360	1.333	0	1
11.2235	178897	1.333	0	1
11.3604	158792	1.333	0	1
11.4973	140822	1.333	0	1
11.6341	124782	1.333	0	1
11.771	110482	1.333	0	1
11.9078	97749	1.333	0	1
12.0447	86422	1.333	0	1
12.1815	76357	1.333	0	1
12.3184	67422	1.333	0	1
12.4552	59497	1.333	0	1
12.5921	52475	1.333	0	1
12.729	46258	1.333	0	1
12.8658	40757	1.333	0	1
13.0027	35893	1.333	0	1
13.1395	31597	1.333	0	1
13.2764	27803	1.333	0	1
13.4132	24456	1.333	0	1
13.5501	21504	1.333	0	1
13.6869	18902	1.333	0	1
13.8238	16610	1.333	0	1
13.9606	14591	1.333	0	1
14.0975	12815	1.333	0	1
14.2344	11251	1.333	0	1
14.3712	9877	1.333	0	1
14.5081	8668	1.333	0	1
14.6449	7606	1.333	0	1
14.7818	6673	1.333	0	1
14.9186	5854	1.333	0	1
15.0555	5134	1.333	0	1
15.1923	4502	1.333	0	1
15.3292	3948	1.333	0	1
15.4661	3461	1.333	0	1
15.6029	3034	1.333	0	1
15.7398	2660	1.333	0	1
15.8766	2332	1.333	0	1
16.0135	2044	1.333	0	1


Output:


Scattering Coefficient (us), g and Reduced Scattering Coefficient (us'):
WL(nm)	us(mm^-1)	g	us'(mm^-1)
390	8015.16	0.852143	1185.1
392.5	8044.65	0.849216	1213
395	8005.73	0.852913	1177.54
397.5	8023.94	0.851433	1192.09
400	8012.11	0.852797	1179.4
402.5	8028.64	0.851151	1195.06
405	8028.45	0.851162	1194.94
407.5	8036	0.850669	1200.03
410	8038.55	0.850433	1202.3
412.5	8032.42	0.850807	1198.38
415	8039.23	0.850552	1201.45
417.5	8046.22	0.849977	1207.12
420	8049.56	0.849293	1213.12
422.5	8040.57	0.850287	1203.78
425	8041.67	0.850381	1203.19
427.5	8060.66	0.848533	1220.92
430	8047.2	0.849984	1207.21
432.5	8063.95	0.848294	1223.35
435	8054.59	0.849331	1213.58
437.5	8063.49	0.848501	1221.61
440	8053.32	0.849671	1210.65
442.5	8054.83	0.849387	1213.16
445	8068.02	0.848181	1224.88
447.5	8070.51	0.848036	1226.43
450	8063.69	0.848716	1219.9
452.5	8069.25	0.848139	1225.4
455	8084.46	0.846659	1239.68
457.5	8077.12	0.847496	1231.8
460	8077.57	0.847514	1231.72
462.5	8081.34	0.847335	1233.74
465	8084.52	0.847071	1236.36
467.5	8084.55	0.846698	1239.38
470	8102.35	0.844894	1256.72
472.5	8086.41	0.847706	1231.51
475	8103.65	0.845256	1253.99
477.5	8092.48	0.845716	1248.54
480	8092.01	0.846637	1241.01
482.5	8098.39	0.84634	1244.4
485	8103.37	0.845396	1252.82
487.5	8111.5	0.844249	1263.37
490	8111.21	0.844674	1259.88
492.5	8105.13	0.846275	1245.96
495	8110.12	0.845595	1252.25
497.5	8110.28	0.844133	1264.13
500	8107.4	0.84391	1265.49
502.5	8112.17	0.844938	1257.89
505	8117.8	0.84673	1244.22
507.5	8136.43	0.84581	1254.56
510	8176.12	0.836733	1334.89
512.5	8093.51	0.838449	1307.51
515	8027.54	0.855669	1158.63
517.5	8168.64	0.851389	1213.95
520	8252.45	0.829277	1408.88
522.5	8120.61	0.835719	1334.06
525	8035.86	0.853235	1179.39
527.5	8144.95	0.847177	1244.74
530	8141.02	0.842959	1278.47
532.5	8200.77	0.836635	1339.72
535	8115.94	0.844578	1261.39
537.5	8133.68	0.84303	1276.74
540	8124.9	0.844238	1265.55
542.5	8168.83	0.840805	1300.44
545	8151.04	0.842425	1284.4
547.5	8136.65	0.843474	1273.6
550	8158.37	0.841161	1295.86
552.5	8154.31	0.841765	1290.3
555	8162.81	0.841086	1297.18
557.5	8159.83	0.841461	1293.65
560	8164.26	0.841024	1297.92
562.5	8160.51	0.841465	1293.73
565	8173.46	0.840179	1306.29
567.5	8166.85	0.84094	1299.02
570	8177.06	0.839936	1308.86
572.5	8171.39	0.840593	1302.58
575	8172.23	0.840598	1302.67
577.5	8173.38	0.840525	1303.45
580	8172.16	0.840709	1301.75
582.5	8187.34	0.839238	1316.21
585	8180.37	0.840019	1308.7
587.5	8177.38	0.840365	1305.39
590	8191.9	0.838977	1319.09
592.5	8184.39	0.839815	1311.02
595	8194.59	0.838861	1320.47
597.5	8190.79	0.839254	1316.64
600	8209.47	0.83745	1334.45
602.5	8187.24	0.839836	1311.3
605	8191.69	0.839417	1315.45
607.5	8198.34	0.838775	1321.78
610	8200.24	0.838634	1323.24
612.5	8216.14	0.837078	1338.59
615	8208.95	0.837816	1331.36
617.5	8210.94	0.837773	1332.03
620	8213.62	0.837577	1334.08
622.5	8212.56	0.837789	1332.17
625	8213.68	0.837724	1332.88
627.5	8224.98	0.836566	1344.24
630	8215.28	0.837633	1333.89
632.5	8213.84	0.837943	1331.11
635	8218.31	0.837506	1335.42
637.5	8225.67	0.836761	1342.75
640	8235.78	0.835866	1351.77
642.5	8233.2	0.836294	1347.82
645	8217.51	0.837917	1331.92
647.5	8222.1	0.837431	1336.66
650	8225.32	0.837139	1339.58
652.5	8226.54	0.837192	1339.34
655	8237.04	0.836213	1349.12
657.5	8235.42	0.836517	1346.35
660	8227.97	0.837292	1338.76
662.5	8251.97	0.834957	1361.93
665	8244.25	0.835806	1353.66
667.5	8258.02	0.83432	1368.19
670	8263.29	0.833974	1371.93
672.5	8249.07	0.835391	1357.87
675	8275.3	0.832921	1382.63
677.5	8248.92	0.835588	1356.22
680	8261.12	0.834416	1367.91
682.5	8260.76	0.834541	1366.81
685	8261.56	0.834466	1367.57
687.5	8265.45	0.834166	1370.69
690	8259.56	0.834747	1364.92
692.5	8264.94	0.834301	1369.5
695	8268.39	0.834306	1370.02
697.5	8261.8	0.834639	1366.18
700	8280.72	0.832936	1383.41
702.5	8272.11	0.834107	1372.29
705	8270.9	0.833865	1374.08
707.5	8267.94	0.834714	1366.57
710	8297.34	0.831312	1399.66
712.5	8255.71	0.835997	1353.96
715	8305.45	0.830693	1406.18
717.5	8254.31	0.836102	1352.86
720	8300.63	0.831489	1398.75
722.5	8265.24	0.835105	1362.9
725	8298.55	0.831859	1395.32
727.5	8300.89	0.831688	1397.14
730	8286.95	0.83314	1382.76
732.5	8293	0.832695	1387.46
735	8306.58	0.831361	1400.82
737.5	8314.34	0.830576	1408.64
740	8306.25	0.831557	1399.13
742.5	8288.52	0.833317	1381.56
745	8315.44	0.830589	1408.72
747.5	8318.89	0.830473	1410.28
750	8306.18	0.831827	1396.87
752.5	8299.51	0.832449	1390.59
755	8308.73	0.831583	1399.33
757.5	8313.78	0.831147	1403.81
760	8314.02	0.831197	1403.43
762.5	8313.15	0.831387	1401.71
765	8320.59	0.830763	1408.16
767.5	8336.13	0.829169	1424.07
770	8321.26	0.830537	1410.14
772.5	8317.77	0.831017	1405.56
775	8314.86	0.831805	1398.52
777.5	8342.29	0.828911	1427.28
780	8331.01	0.829414	1421.15
782.5	8323.13	0.830958	1406.96
785	8306.4	0.832544	1390.96
787.5	8359.24	0.828013	1437.68
790	8345.14	0.827958	1435.71
792.5	8303.34	0.832792	1388.38
795	8346.71	0.829312	1424.68
797.5	8359.25	0.82777	1439.72
800	8350.23	0.827862	1437.39
802.5	8308.48	0.832685	1390.13
805	8341.23	0.829587	1421.45
807.5	8392.01	0.824515	1472.67
810	8330.46	0.830542	1411.67
812.5	8340.75	0.829628	1421.03
815	8362.38	0.827667	1441.11
817.5	8359.71	0.827907	1438.65
820	8356.51	0.828252	1435.21
822.5	8365.28	0.827486	1443.12
825	8361.74	0.827893	1439.11
827.5	8363.16	0.827783	1440.28
830	8363	0.827826	1439.89

Scattering (Csca), Extinction (Cext) and Backscattering (Cback) Cross Sections:
WL(nm)	Csca(um^2)	Cext(um^2)	Cback(um^2)
390	80.1516	80.1516	55.1423
392.5	80.4465	80.4465	57.5352
395	80.0573	80.0573	48.4771
397.5	80.2394	80.2394	61.6798
400	80.1211	80.1211	37.5843
402.5	80.2864	80.2864	43.1383
405	80.2845	80.2845	58.7402
407.5	80.36	80.36	54.2324
410	80.3855	80.3855	53.2651
412.5	80.3242	80.3242	47.764
415	80.3923	80.3923	51.3115
417.5	80.4622	80.4622	54.4798
420	80.4956	80.4956	52.069
422.5	80.4057	80.4057	44.5253
425	80.4167	80.4167	48.9324
427.5	80.6066	80.6066	61.4583
430	80.472	80.472	50.5768
432.5	80.6395	80.6395	52.6746
435	80.5459	80.5459	51.524
437.5	80.6349	80.6349	54.3497
440	80.5332	80.5332	47.5571
442.5	80.5483	80.5483	47.2122
445	80.6802	80.6802	53.6892
447.5	80.7051	80.7051	58.6528
450	80.6369	80.6369	50.35
452.5	80.6925	80.6925	51.9144
455	80.8446	80.8446	59.2234
457.5	80.7712	80.7712	51.3028
460	80.7757	80.7757	49.2366
462.5	80.8134	80.8134	50.0342
465	80.8452	80.8452	54.6709
467.5	80.8455	80.8455	48.9092
470	81.0235	81.0235	50.0687
472.5	80.8641	80.8641	49.007
475	81.0365	81.0365	60.3819
477.5	80.9248	80.9248	52.2707
480	80.9201	80.9201	50.7668
482.5	80.9839	80.9839	53.369
485	81.0337	81.0337	48.7458
487.5	81.115	81.115	53.7162
490	81.1121	81.1121	58.1524
492.5	81.0513	81.0513	52.2897
495	81.1012	81.1012	44.9241
497.5	81.1028	81.1028	49.8869
500	81.074	81.074	59.0032
502.5	81.1217	81.1217	52.1316
505	81.178	81.178	49.0638
507.5	81.3643	81.3643	49.8096
510	81.7612	81.7612	66.7147
512.5	80.9351	80.9351	61.5834
515	80.2754	80.2754	32.4061
517.5	81.6864	81.6864	32.6745
520	82.5245	82.5245	95.9761
522.5	81.2061	81.2061	70.3382
525	80.3586	80.3586	21.3668
527.5	81.4495	81.4495	42.8389
530	81.4102	81.4102	60.6783
532.5	82.0077	82.0077	97.1713
535	81.1594	81.1594	27.7157
537.5	81.3368	81.3368	33.4875
540	81.249	81.249	71.3525
542.5	81.6883	81.6883	79.2943
545	81.5104	81.5104	32.7764
547.5	81.3665	81.3665	33.2949
550	81.5837	81.5837	51.2207
552.5	81.5431	81.5431	63.4385
555	81.6281	81.6281	57.5488
557.5	81.5983	81.5983	45.4862
560	81.6426	81.6426	51.3132
562.5	81.6051	81.6051	55.7987
565	81.7346	81.7346	54.2824
567.5	81.6685	81.6685	44.4583
570	81.7706	81.7706	49.6556
572.5	81.7139	81.7139	63.0929
575	81.7223	81.7223	57.7846
577.5	81.7338	81.7338	49.0236
580	81.7216	81.7216	45.795
582.5	81.8734	81.8734	57.6866
585	81.8037	81.8037	51.9652
587.5	81.7738	81.7738	50.1214
590	81.919	81.919	57.5845
592.5	81.8439	81.8439	48.6276
595	81.9459	81.9459	50.4978
597.5	81.9079	81.9079	52.0441
600	82.0947	82.0947	55.5615
602.5	81.8723	81.8723	48.4105
605	81.9169	81.9169	47.9215
607.5	81.9834	81.9834	50.0258
610	82.0024	82.0024	47.9147
612.5	82.1614	82.1614	55.0078
615	82.0895	82.0895	50.987
617.5	82.1094	82.1094	46.6379
620	82.1362	82.1362	50.2157
622.5	82.1256	82.1256	48.8604
625	82.1367	82.1367	48.0012
627.5	82.2498	82.2498	50.2982
630	82.1528	82.1528	47.236
632.5	82.1384	82.1384	47.1815
635	82.1831	82.1831	48.9184
637.5	82.2567	82.2567	48.6218
640	82.3578	82.3578	52.5201
642.5	82.332	82.332	47.5805
645	82.1751	82.1751	48.4718
647.5	82.221	82.221	42.0252
650	82.2532	82.2532	47.8883
652.5	82.2654	82.2654	47.7209
655	82.3704	82.3704	50.3634
657.5	82.3542	82.3542	48.0735
660	82.2797	82.2797	45.1051
662.5	82.5197	82.5197	51.5905
665	82.4425	82.4425	55.2929
667.5	82.5802	82.5802	55.8907
670	82.6329	82.6329	52.834
672.5	82.4907	82.4907	51.9456
675	82.753	82.753	64.2028
677.5	82.4892	82.4892	45.1451
680	82.6112	82.6112	48.571
682.5	82.6076	82.6076	52.3621
685	82.6156	82.6156	49.6838
687.5	82.6545	82.6545	55.1367
690	82.5956	82.5956	52.2453
692.5	82.6494	82.6494	50.0712
695	82.6839	82.6839	49.1554
697.5	82.618	82.618	45.8345
700	82.8072	82.8072	58.0351
702.5	82.7211	82.7211	47.5858
705	82.709	82.709	46.6617
707.5	82.6793	82.6793	43.5735
710	82.9734	82.9734	56.646
712.5	82.5571	82.5571	47.0401
715	83.0545	83.0545	55.1064
717.5	82.5431	82.5431	41.6753
720	83.0063	83.0063	55.113
722.5	82.6524	82.6524	41.0298
725	82.9855	82.9855	54.3492
727.5	83.0089	83.0089	46.0485
730	82.8695	82.8695	48.8604
732.5	82.93	82.93	46.1711
735	83.0658	83.0658	52.6722
737.5	83.1434	83.1434	53.4824
740	83.0625	83.0625	54.2401
742.5	82.8852	82.8852	47.2565
745	83.1544	83.1544	55.4653
747.5	83.1889	83.1889	49.8522
750	83.0618	83.0618	46.652
752.5	82.9951	82.9951	46.1668
755	83.0873	83.0873	48.9999
757.5	83.1378	83.1378	53.1531
760	83.1402	83.1402	52.1106
762.5	83.1315	83.1315	50.3997
765	83.2059	83.2059	48.5127
767.5	83.3613	83.3613	52.3477
770	83.2126	83.2126	52.7393
772.5	83.1777	83.1777	47.0745
775	83.1486	83.1486	47.3399
777.5	83.4229	83.4229	52.043
780	83.3101	83.3101	52.2173
782.5	83.2313	83.2313	51.8589
785	83.064	83.064	41.9395
787.5	83.5924	83.5924	53.8231
790	83.4514	83.4514	53.8535
792.5	83.0334	83.0334	45.6337
795	83.4671	83.4671	47.2586
797.5	83.5925	83.5925	58.8283
800	83.5023	83.5023	55.4488
802.5	83.0848	83.0848	36.6418
805	83.4123	83.4123	53.1671
807.5	83.9201	83.9201	73.4144
810	83.3046	83.3046	39.7459
812.5	83.4075	83.4075	48.185
815	83.6238	83.6238	64.7179
817.5	83.5971	83.5971	43.8365
820	83.5651	83.5651	52.6651
822.5	83.6528	83.6528	60.3594
825	83.6174	83.6174	46.9114
827.5	83.6316	83.6316	50.309
830	83.63	83.63	53.955

Forward and Backward Scattering percentages:
WL(nm)	Forward %	Backward %
390	95.9917	4.00832
392.5	95.8654	4.13464
395	96.0296	3.97039
397.5	95.9152	4.08476
400	96.0052	3.99481
402.5	95.9362	4.06379
405	95.9423	4.05765
407.5	95.9188	4.08117
410	95.9257	4.0743
412.5	95.9325	4.06751
415	95.9179	4.08208
417.5	95.9087	4.09127
420	95.8989	4.10106
422.5	95.9261	4.07392
425	95.9188	4.08118
427.5	95.8359	4.16405
430	95.9021	4.09794
432.5	95.8144	4.18557
435	95.8726	4.12739
437.5	95.8581	4.14194
440	95.8872	4.11281
442.5	95.8947	4.10526
445	95.8398	4.16023
447.5	95.8294	4.17056
450	95.867	4.13305
452.5	95.8319	4.16807
455	95.7909	4.20905
457.5	95.8205	4.17945
460	95.814	4.18604
462.5	95.7955	4.20451
465	95.8136	4.18639
467.5	95.8061	4.19394
470	95.7142	4.28576
472.5	95.8223	4.17774
475	95.7664	4.23365
477.5	95.7352	4.26481
480	95.7865	4.21355
482.5	95.8019	4.19814
485	95.7431	4.25688
487.5	95.7099	4.29014
490	95.7125	4.28755
492.5	95.7723	4.2277
495	95.7603	4.23973
497.5	95.7248	4.27522
500	95.7074	4.29258
502.5	95.716	4.28401
505	95.7247	4.27531
507.5	95.8234	4.17655
510	95.529	4.47105
512.5	95.3604	4.63956
515	96.1421	3.85786
517.5	96.0623	3.93772
520	95.0069	4.99308
522.5	95.5812	4.41875
525	96.0765	3.92347
527.5	95.7433	4.25667
530	95.6964	4.30357
532.5	95.3762	4.62375
535	95.7726	4.22735
537.5	95.6532	4.34677
540	95.6651	4.33487
542.5	95.5782	4.42176
545	95.6513	4.34866
547.5	95.6698	4.33022
550	95.6181	4.38193
552.5	95.6168	4.38325
555	95.6057	4.39434
557.5	95.5987	4.40133
560	95.5745	4.42553
562.5	95.631	4.36902
565	95.5649	4.43506
567.5	95.5782	4.42179
570	95.523	4.47698
572.5	95.5818	4.41818
575	95.5846	4.41541
577.5	95.5739	4.42607
580	95.5796	4.42035
582.5	95.523	4.47696
585	95.5691	4.43088
587.5	95.5716	4.42838
590	95.5179	4.48214
592.5	95.5614	4.43858
595	95.5239	4.47615
597.5	95.5221	4.47788
600	95.478	4.52204
602.5	95.5498	4.4502
605	95.5537	4.44634
607.5	95.5256	4.47442
610	95.5148	4.4852
612.5	95.4628	4.5372
615	95.4744	4.52561
617.5	95.4721	4.52789
620	95.4797	4.5203
622.5	95.4816	4.51841
625	95.4733	4.52667
627.5	95.4275	4.57251
630	95.4833	4.51667
632.5	95.482	4.51802
635	95.457	4.54303
637.5	95.4484	4.55157
640	95.4266	4.57344
642.5	95.4349	4.56513
645	95.4698	4.53016
647.5	95.4539	4.54608
650	95.4614	4.53857
652.5	95.4637	4.5363
655	95.4285	4.57146
657.5	95.4641	4.53593
660	95.4722	4.52777
662.5	95.4006	4.59937
665	95.3692	4.63078
667.5	95.3511	4.64887
670	95.3424	4.65758
672.5	95.3676	4.63239
675	95.3017	4.69825
677.5	95.4007	4.5993
680	95.357	4.64297
682.5	95.3665	4.63354
685	95.3687	4.63129
687.5	95.3453	4.65468
690	95.3734	4.62664
692.5	95.3392	4.66079
695	95.3584	4.64156
697.5	95.3867	4.61335
700	95.2864	4.71356
702.5	95.3629	4.63713
705	95.3319	4.66812
707.5	95.376	4.624
710	95.2392	4.7608
712.5	95.3998	4.60018
715	95.2247	4.77533
717.5	95.4187	4.58134
720	95.26	4.74002
722.5	95.3931	4.60685
725	95.2689	4.73109
727.5	95.221	4.779
730	95.3214	4.67862
732.5	95.3079	4.6921
735	95.2359	4.76409
737.5	95.2079	4.79213
740	95.2296	4.7704
742.5	95.3301	4.66995
745	95.2071	4.79293
747.5	95.2255	4.77454
750	95.2733	4.72665
752.5	95.2961	4.70395
755	95.2584	4.7416
757.5	95.2508	4.74924
760	95.2465	4.75346
762.5	95.2558	4.74423
765	95.228	4.77204
767.5	95.1826	4.81736
770	95.2288	4.77125
772.5	95.2335	4.76651
775	95.2725	4.72754
777.5	95.1925	4.80749
780	95.1904	4.80962
782.5	95.1851	4.81489
785	95.3158	4.68425
787.5	95.1917	4.80834
790	95.1422	4.85785
792.5	95.3056	4.69437
795	95.1592	4.84076
797.5	95.1242	4.87585
800	95.1515	4.8485
802.5	95.3178	4.68222
805	95.1905	4.80949
807.5	94.9921	5.00787
810	95.2633	4.73668
812.5	95.1902	4.80984
815	95.1246	4.8754
817.5	95.1503	4.84971
820	95.1397	4.86026
822.5	95.1015	4.89854
825	95.1468	4.85324
827.5	95.1435	4.85652
830	95.1442	4.85579

