Simulation parameters:

Distribution: Poly Disperse - Log Normal 
Number of discrete sphere sizes: 101
Mean diameter of spheres: 11 um
Std. deviation: 0.25 um
Total Concentration (Spheres in a volume of 1mm^3): 1e+08

Wavelength Range: 390nm to 830nm in 2.5nm steps

Sphere and Medium Data:
Dia.(um)	Num. Den.(in a vol. of 1mm^3)	Ref. Index of sphere (real | imag)
3.93966	2038	1.333	0	1
4.17126	4794	1.333	0	1
4.40286	10260	1.333	0	1
4.63447	20227	1.333	0	1
4.86607	37102	1.333	0	1
5.09767	63857	1.333	0	1
5.32927	103874	1.333	0	1
5.56087	160679	1.333	0	1
5.79247	237611	1.333	0	1
6.02407	337453	1.333	0	1
6.25567	462092	1.333	0	1
6.48727	612244	1.333	0	1
6.71887	787277	1.333	0	1
6.95047	985164	1.333	0	1
7.18207	1.20256e+06	1.333	0	1
7.41367	1.43496e+06	1.333	0	1
7.64527	1.677e+06	1.333	0	1
7.87687	1.92274e+06	1.333	0	1
8.10847	2.16604e+06	1.333	0	1
8.34007	2.40085e+06	1.333	0	1
8.57167	2.6215e+06	1.333	0	1
8.80328	2.823e+06	1.333	0	1
9.03488	3.00116e+06	1.333	0	1
9.26648	3.15271e+06	1.333	0	1
9.49808	3.27539e+06	1.333	0	1
9.72968	3.3679e+06	1.333	0	1
9.96128	3.42989e+06	1.333	0	1
10.1929	3.46182e+06	1.333	0	1
10.4245	3.46489e+06	1.333	0	1
10.6561	3.44092e+06	1.333	0	1
10.8877	3.39216e+06	1.333	0	1
11.1193	3.32121e+06	1.333	0	1
11.3509	3.23089e+06	1.333	0	1
11.5825	3.12411e+06	1.333	0	1
11.8141	3.00377e+06	1.333	0	1
12.0457	2.87273e+06	1.333	0	1
12.2773	2.73367e+06	1.333	0	1
12.5089	2.58911e+06	1.333	0	1
12.7405	2.44133e+06	1.333	0	1
12.9721	2.29239e+06	1.333	0	1
13.2037	2.14406e+06	1.333	0	1
13.4353	1.99789e+06	1.333	0	1
13.6669	1.85517e+06	1.333	0	1
13.8985	1.71694e+06	1.333	0	1
14.1301	1.58406e+06	1.333	0	1
14.3617	1.45715e+06	1.333	0	1
14.5933	1.33666e+06	1.333	0	1
14.8249	1.22291e+06	1.333	0	1
15.0565	1.11605e+06	1.333	0	1
15.2881	1.01613e+06	1.333	0	1
15.5197	923083	1.333	0	1
15.7513	836788	1.333	0	1
15.9829	757044	1.333	0	1
16.2145	683602	1.333	0	1
16.4461	616179	1.333	0	1
16.6777	554463	1.333	0	1
16.9093	498126	1.333	0	1
17.1409	446832	1.333	0	1
17.3725	400241	1.333	0	1
17.6041	358020	1.333	0	1
17.8357	319837	1.333	0	1
18.0673	285377	1.333	0	1
18.2989	254335	1.333	0	1
18.5305	226420	1.333	0	1
18.7621	201360	1.333	0	1
18.9937	178897	1.333	0	1
19.2253	158792	1.333	0	1
19.4569	140822	1.333	0	1
19.6885	124782	1.333	0	1
19.9201	110482	1.333	0	1
20.1517	97749	1.333	0	1
20.3833	86422	1.333	0	1
20.6149	76357	1.333	0	1
20.8465	67422	1.333	0	1
21.0781	59497	1.333	0	1
21.3097	52475	1.333	0	1
21.5413	46258	1.333	0	1
21.7729	40757	1.333	0	1
22.0045	35893	1.333	0	1
22.2361	31597	1.333	0	1
22.4677	27803	1.333	0	1
22.6993	24456	1.333	0	1
22.9309	21504	1.333	0	1
23.1625	18902	1.333	0	1
23.3941	16610	1.333	0	1
23.6257	14591	1.333	0	1
23.8573	12815	1.333	0	1
24.0889	11251	1.333	0	1
24.3205	9877	1.333	0	1
24.5521	8668	1.333	0	1
24.7837	7606	1.333	0	1
25.0153	6673	1.333	0	1
25.2469	5854	1.333	0	1
25.4785	5134	1.333	0	1
25.7101	4502	1.333	0	1
25.9417	3948	1.333	0	1
26.1733	3461	1.333	0	1
26.4049	3034	1.333	0	1
26.6365	2660	1.333	0	1
26.8681	2332	1.333	0	1
27.0997	2044	1.333	0	1


Output:


Scattering Coefficient (us), g and Reduced Scattering Coefficient (us'):
WL(nm)	us(mm^-1)	g	us'(mm^-1)
390	22542.9	0.862591	3097.6
392.5	22533	0.862913	3088.99
395	22540.4	0.862769	3093.25
397.5	22535.3	0.863085	3085.41
400	22543.6	0.862986	3088.79
402.5	22556.5	0.861797	3117.37
405	22558.6	0.862427	3103.45
407.5	22541.6	0.862881	3090.88
410	22565.3	0.86207	3112.42
412.5	22547.4	0.8628	3093.5
415	22564.4	0.862277	3107.63
417.5	22570.8	0.862091	3112.72
420	22572	0.862078	3113.18
422.5	22575.3	0.862044	3114.41
425	22593.3	0.861428	3130.81
427.5	22587.3	0.861562	3126.93
430	22620.3	0.860038	3165.97
432.5	22588.3	0.863754	3077.56
435	22681.3	0.853941	3312.81
437.5	22526.8	0.871073	2904.32
440	22603.6	0.856223	3249.88
442.5	22638.4	0.861608	3132.97
445	22681.1	0.857511	3231.82
447.5	22643.2	0.859668	3177.55
450	22655.8	0.859582	3181.28
452.5	22645.4	0.859964	3171.16
455	22632.7	0.860559	3155.94
457.5	22653.5	0.859814	3175.71
460	22643.2	0.860224	3164.97
462.5	22648.5	0.860057	3169.49
465	22663.2	0.859588	3182.19
467.5	22667.4	0.859448	3185.95
470	22670.6	0.859387	3187.79
472.5	22659.9	0.859838	3176.07
475	22676.5	0.859271	3191.25
477.5	22682.8	0.859094	3196.14
480	22693.6	0.858755	3205.37
482.5	22690.5	0.858913	3201.33
485	22704.5	0.858476	3213.23
487.5	22668.6	0.859723	3179.89
490	22723.4	0.857805	3231.16
492.5	22695.5	0.858913	3202.05
495	22706.4	0.858559	3211.61
497.5	22738.3	0.857406	3242.35
500	22706.4	0.858668	3209.15
502.5	22711.7	0.858444	3214.98
505	22717.6	0.858458	3215.49
507.5	22738.4	0.857527	3239.6
510	22732	0.857931	3229.51
512.5	22730.1	0.858008	3227.5
515	22733.8	0.857912	3230.2
517.5	22731.2	0.857997	3227.9
520	22740.2	0.857777	3234.17
522.5	22744.4	0.85766	3237.43
525	22744.9	0.857699	3236.62
527.5	22816	0.85495	3309.47
530	22748.8	0.85752	3241.25
532.5	22692.4	0.859364	3191.37
535	22733.4	0.858392	3219.22
537.5	22778.8	0.856646	3265.44
540	22834.5	0.854751	3316.68
542.5	22804.9	0.855776	3289.01
545	22785.2	0.856554	3268.46
547.5	22792	0.856355	3273.96
550	22781.8	0.856702	3264.59
552.5	22776.9	0.85693	3258.69
555	22810.2	0.855792	3289.41
557.5	22816.6	0.855519	3296.56
560	22802.8	0.856096	3281.41
562.5	22813.6	0.855819	3289.3
565	22811.3	0.855952	3285.93
567.5	22826	0.855398	3300.68
570	22808.3	0.856117	3281.74
572.5	22813.3	0.856072	3283.48
575	22833.7	0.855195	3306.45
577.5	22830.9	0.855488	3299.34
580	22857.6	0.854331	3329.65
582.5	22853.6	0.854459	3326.13
585	22849.1	0.855733	3296.37
587.5	22834	0.855284	3304.45
590	22880.7	0.853528	3351.37
592.5	22875	0.854006	3339.62
595	22838.4	0.856247	3283.08
597.5	22813.9	0.855759	3290.7
600	22886.7	0.853985	3341.8
602.5	22873.9	0.854158	3335.97
605	22925.3	0.852458	3382.45
607.5	22867.1	0.854744	3321.58
610	22903.9	0.853508	3355.23
612.5	22902.5	0.853238	3361.22
615	22895	0.853341	3357.77
617.5	22893.6	0.853763	3347.89
620	22920.4	0.853182	3365.14
622.5	22922.7	0.853002	3369.58
625	22905	0.853344	3359.16
627.5	22922.1	0.852777	3374.64
630	22899.2	0.853747	3349.08
632.5	22914.4	0.853352	3360.35
635	22936	0.852516	3382.69
637.5	22910.5	0.853475	3356.97
640	22911.7	0.853436	3358.03
642.5	22923.7	0.853133	3366.73
645	22983.4	0.851007	3424.38
647.5	22941.3	0.852547	3382.76
650	22936	0.852764	3377.01
652.5	22950	0.852298	3389.76
655	22978.9	0.851285	3417.3
657.5	22951	0.852451	3386.4
660	22954.7	0.852143	3394.02
662.5	22955.5	0.852271	3391.2
665	22980.4	0.850705	3430.86
667.5	23078.6	0.847595	3517.3
670	22987	0.851383	3416.27
672.5	23019.5	0.850001	3452.89
675	23048.7	0.849314	3473.12
677.5	22966	0.852182	3394.78
680	22999.8	0.85093	3428.59
682.5	23006.4	0.850689	3435.09
685	23005.4	0.850664	3435.52
687.5	23008	0.850692	3435.27
690	22994.5	0.85145	3415.84
692.5	23022.7	0.850534	3441.12
695	23001.8	0.85109	3425.19
697.5	23035.1	0.84962	3464.01
700	23003.3	0.851031	3426.77
702.5	23026.8	0.850451	3443.63
705	23053.1	0.849524	3468.93
707.5	23052.1	0.849523	3468.81
710	23063	0.849096	3480.3
712.5	23057.3	0.849298	3474.77
715	23027.4	0.850287	3447.5
717.5	23085.3	0.848391	3499.95
720	23029.1	0.850575	3441.13
722.5	23025.8	0.850636	3439.22
725	23046.4	0.849923	3458.73
727.5	23044.5	0.85004	3455.75
730	23067.1	0.849234	3477.73
732.5	23066.6	0.849331	3475.43
735	23079.8	0.848833	3488.89
737.5	23066.9	0.849379	3474.36
740	23078.4	0.849054	3483.6
742.5	23094	0.848605	3496.31
745	23090.2	0.848768	3491.98
747.5	23086.1	0.849011	3485.75
750	23108.6	0.848162	3508.75
752.5	23126.3	0.847504	3526.68
755	23140.2	0.847003	3540.38
757.5	23114	0.847993	3513.49
760	23108.8	0.848226	3507.31
762.5	23133.2	0.847406	3529.98
765	23117	0.848043	3512.8
767.5	23136.5	0.847272	3533.6
770	23153.1	0.846659	3550.32
772.5	23117.4	0.848028	3513.19
775	23114.2	0.848147	3509.96
777.5	23148.2	0.846959	3542.62
780	23147.3	0.847129	3538.56
782.5	23140.5	0.847468	3529.68
785	23148.3	0.847242	3536.07
787.5	23161.9	0.846802	3548.35
790	23164.7	0.846413	3557.79
792.5	23143	0.846867	3543.96
795	23174.3	0.845978	3569.35
797.5	23163.9	0.846967	3544.84
800	23173.7	0.847233	3540.18
802.5	23173.8	0.846944	3546.88
805	23181.2	0.845879	3572.71
807.5	23167.6	0.846016	3567.44
810	23159.4	0.846696	3550.43
812.5	23161.2	0.847199	3539.04
815	23177.3	0.846901	3548.43
817.5	23193.6	0.84626	3565.78
820	23201.1	0.845724	3579.37
822.5	23204.5	0.845317	3589.34
825	23230.6	0.844249	3618.18
827.5	23190.3	0.845868	3574.38
830	23206	0.845759	3579.31

Scattering (Csca), Extinction (Cext) and Backscattering (Cback) Cross Sections:
WL(nm)	Csca(um^2)	Cext(um^2)	Cback(um^2)
390	225.429	225.429	162.342
392.5	225.33	225.33	157.176
395	225.404	225.404	139.324
397.5	225.353	225.353	123.848
400	225.436	225.436	138.892
402.5	225.565	225.565	140.134
405	225.586	225.586	146.076
407.5	225.416	225.416	126.967
410	225.653	225.653	131.153
412.5	225.474	225.474	130.618
415	225.644	225.644	134.739
417.5	225.708	225.708	149.965
420	225.72	225.72	124.513
422.5	225.753	225.753	150.486
425	225.933	225.933	148.764
427.5	225.873	225.873	153.155
430	226.203	226.203	162.647
432.5	225.883	225.883	135.215
435	226.813	226.813	169.892
437.5	225.268	225.268	64.2497
440	226.036	226.036	227.024
442.5	226.384	226.384	143.88
445	226.811	226.811	162.972
447.5	226.432	226.432	116.502
450	226.558	226.558	148.434
452.5	226.454	226.454	198.924
455	226.327	226.327	52.2119
457.5	226.535	226.535	202.267
460	226.432	226.432	131.877
462.5	226.485	226.485	164.843
465	226.632	226.632	150.67
467.5	226.674	226.674	135.914
470	226.706	226.706	150.009
472.5	226.599	226.599	149.799
475	226.765	226.765	151.914
477.5	226.828	226.828	147.085
480	226.936	226.936	164.638
482.5	226.905	226.905	159.033
485	227.045	227.045	148.353
487.5	226.686	226.686	127.891
490	227.234	227.234	174.598
492.5	226.955	226.955	148.515
495	227.064	227.064	150.803
497.5	227.383	227.383	169.73
500	227.064	227.064	141.124
502.5	227.117	227.117	144.671
505	227.176	227.176	154.304
507.5	227.384	227.384	156.14
510	227.32	227.32	150.328
512.5	227.301	227.301	139.473
515	227.338	227.338	138.211
517.5	227.312	227.312	142.007
520	227.402	227.402	146.744
522.5	227.444	227.444	143.344
525	227.449	227.449	143.598
527.5	228.16	228.16	202.187
530	227.488	227.488	134.178
532.5	226.924	226.924	124.424
535	227.334	227.334	128.387
537.5	227.788	227.788	145.945
540	228.345	228.345	208.399
542.5	228.049	228.049	155.437
545	227.852	227.852	135.895
547.5	227.92	227.92	135.371
550	227.818	227.818	120.864
552.5	227.769	227.769	140.513
555	228.102	228.102	160.108
557.5	228.166	228.166	157.795
560	228.028	228.028	140.245
562.5	228.136	228.136	145.068
565	228.113	228.113	140.403
567.5	228.26	228.26	142.472
570	228.083	228.083	139.658
572.5	228.133	228.133	130.642
575	228.337	228.337	173.476
577.5	228.309	228.309	137.882
580	228.576	228.576	158.589
582.5	228.536	228.536	149.782
585	228.491	228.491	126.222
587.5	228.34	228.34	151.937
590	228.807	228.807	163.759
592.5	228.75	228.75	158.505
595	228.384	228.384	175.648
597.5	228.139	228.139	139.672
600	228.867	228.867	134.806
602.5	228.739	228.739	152.113
605	229.253	229.253	232.581
607.5	228.671	228.671	140.32
610	229.039	229.039	145.439
612.5	229.025	229.025	148.305
615	228.95	228.95	133.247
617.5	228.936	228.936	150.671
620	229.204	229.204	162.056
622.5	229.227	229.227	158.359
625	229.05	229.05	148.048
627.5	229.221	229.221	148.145
630	228.992	228.992	138.719
632.5	229.144	229.144	143.511
635	229.36	229.36	151.131
637.5	229.105	229.105	141.704
640	229.117	229.117	135.537
642.5	229.237	229.237	140.455
645	229.834	229.834	176.85
647.5	229.413	229.413	153.551
650	229.36	229.36	136.9
652.5	229.5	229.5	144.806
655	229.789	229.789	169.881
657.5	229.51	229.51	164.286
660	229.547	229.547	157.922
662.5	229.555	229.555	139.694
665	229.804	229.804	144.899
667.5	230.786	230.786	175.722
670	229.87	229.87	178.692
672.5	230.195	230.195	222.767
675	230.487	230.487	202.078
677.5	229.66	229.66	121.78
680	229.998	229.998	145.098
682.5	230.064	230.064	166.932
685	230.054	230.054	168.548
687.5	230.08	230.08	132.162
690	229.945	229.945	139.311
692.5	230.227	230.227	159.133
695	230.018	230.018	144.742
697.5	230.351	230.351	138.2
700	230.033	230.033	139.459
702.5	230.268	230.268	155.629
705	230.531	230.531	159.004
707.5	230.521	230.521	159.344
710	230.63	230.63	160.556
712.5	230.573	230.573	150.202
715	230.274	230.274	127.516
717.5	230.853	230.853	166.527
720	230.291	230.291	142.394
722.5	230.258	230.258	141.206
725	230.464	230.464	148.432
727.5	230.445	230.445	151.105
730	230.671	230.671	146.734
732.5	230.666	230.666	145.834
735	230.798	230.798	157.462
737.5	230.669	230.669	142.363
740	230.784	230.784	145.82
742.5	230.94	230.94	149.933
745	230.902	230.902	154.742
747.5	230.861	230.861	150.322
750	231.086	231.086	134.137
752.5	231.263	231.263	160.153
755	231.402	231.402	188.519
757.5	231.14	231.14	164.494
760	231.088	231.088	139.434
762.5	231.332	231.332	159.953
765	231.17	231.17	148.218
767.5	231.365	231.365	159.094
770	231.531	231.531	169.61
772.5	231.174	231.174	129.664
775	231.142	231.142	149.375
777.5	231.482	231.482	167.225
780	231.473	231.473	143.594
782.5	231.405	231.405	141.512
785	231.482	231.482	170.02
787.5	231.619	231.619	145.853
790	231.647	231.647	139.35
792.5	231.43	231.43	155.985
795	231.743	231.743	152.774
797.5	231.639	231.639	137.677
800	231.737	231.737	149.214
802.5	231.738	231.738	138.814
805	231.812	231.812	164.761
807.5	231.676	231.676	142.46
810	231.594	231.594	145.216
812.5	231.612	231.612	139.319
815	231.773	231.773	142.659
817.5	231.936	231.936	155.543
820	232.011	232.011	153.987
822.5	232.045	232.045	153.913
825	232.306	232.306	153.838
827.5	231.903	231.903	151.445
830	232.06	232.06	163.182

Forward and Backward Scattering percentages:
WL(nm)	Forward %	Backward %
390	96.3105	3.68948
392.5	96.3355	3.66451
395	96.3237	3.67629
397.5	96.3512	3.64877
400	96.3181	3.68188
402.5	96.286	3.71402
405	96.3186	3.68136
407.5	96.338	3.66196
410	96.3033	3.69672
412.5	96.3445	3.65555
415	96.3173	3.68273
417.5	96.3134	3.68656
420	96.3102	3.68977
422.5	96.3071	3.69293
425	96.284	3.71602
427.5	96.2914	3.70864
430	96.2483	3.75167
432.5	96.3153	3.68475
435	96.0681	3.93187
437.5	96.6767	3.32327
440	96.2051	3.79489
442.5	96.1895	3.81048
445	96.2045	3.79548
447.5	96.2438	3.75619
450	96.2242	3.77579
452.5	96.2336	3.76644
455	96.2636	3.73636
457.5	96.2389	3.76112
460	96.2467	3.75333
462.5	96.2429	3.75707
465	96.2154	3.78459
467.5	96.2287	3.77131
470	96.2191	3.78088
472.5	96.2436	3.75645
475	96.2063	3.79375
477.5	96.2047	3.79535
480	96.1884	3.81164
482.5	96.2007	3.79927
485	96.1897	3.81026
487.5	96.2387	3.76129
490	96.1505	3.84945
492.5	96.21	3.78996
495	96.195	3.80499
497.5	96.158	3.84203
500	96.1935	3.80654
502.5	96.1856	3.81439
505	96.1997	3.80033
507.5	96.1585	3.84151
510	96.1781	3.82187
512.5	96.1793	3.82075
515	96.1763	3.82368
517.5	96.1744	3.82561
520	96.156	3.84395
522.5	96.1533	3.8467
525	96.1709	3.82915
527.5	96.0474	3.95259
530	96.1555	3.84452
532.5	96.2307	3.76928
535	96.1826	3.81744
537.5	96.1487	3.85127
540	96.035	3.96498
542.5	96.0942	3.90577
545	96.1216	3.87842
547.5	96.1093	3.89075
550	96.1334	3.86656
552.5	96.1412	3.85882
555	96.0823	3.91774
557.5	96.0967	3.90325
560	96.086	3.91403
562.5	96.0957	3.90425
565	96.1061	3.89386
567.5	96.0842	3.91581
570	96.1099	3.89014
572.5	96.1064	3.89364
575	96.0755	3.92447
577.5	96.0833	3.91669
580	96.0316	3.96841
582.5	96.0436	3.95636
585	96.0972	3.90283
587.5	96.0935	3.90651
590	96.0035	3.99653
592.5	96.0345	3.96553
595	96.1593	3.84073
597.5	96.1271	3.87295
600	96.0396	3.96045
602.5	96.0234	3.97661
605	95.9755	4.02447
607.5	96.068	3.93202
610	96.0247	3.9753
612.5	96.0176	3.98238
615	96.0059	3.99415
617.5	96.0271	3.97288
620	96.0042	3.99575
622.5	95.9961	4.00389
625	96.0115	3.98847
627.5	95.9986	4.0014
630	96.0379	3.96205
632.5	96.0169	3.98306
635	95.9934	4.00657
637.5	96.0243	3.9757
640	96.0047	3.99529
642.5	95.9901	4.0099
645	95.9172	4.08283
647.5	95.9766	4.02342
650	95.992	4.00804
652.5	95.9613	4.03873
655	95.937	4.06299
657.5	95.9854	4.01463
660	95.9917	4.00832
662.5	95.9745	4.02553
665	95.862	4.13804
667.5	95.8006	4.19943
670	95.8949	4.1051
672.5	95.8525	4.14754
675	95.8344	4.16563
677.5	95.9658	4.03416
680	95.945	4.05497
682.5	95.9235	4.07648
685	95.9119	4.08812
687.5	95.9149	4.08514
690	95.9578	4.04219
692.5	95.9098	4.09025
695	95.9413	4.05871
697.5	95.8837	4.11635
700	95.9532	4.0468
702.5	95.9052	4.09482
705	95.8738	4.12622
707.5	95.8667	4.13328
710	95.8564	4.14358
712.5	95.866	4.13399
715	95.9261	4.07392
717.5	95.8385	4.16145
720	95.9378	4.06222
722.5	95.9237	4.07631
725	95.9037	4.09627
727.5	95.9036	4.09643
730	95.8874	4.11258
732.5	95.8766	4.1234
735	95.8568	4.14324
737.5	95.8824	4.11757
740	95.8838	4.11624
742.5	95.8576	4.14239
745	95.8648	4.13521
747.5	95.8865	4.11355
750	95.8451	4.15489
752.5	95.7978	4.20225
755	95.7723	4.2277
757.5	95.8302	4.16981
760	95.8571	4.1429
762.5	95.795	4.20504
765	95.8492	4.15082
767.5	95.8146	4.18541
770	95.7909	4.20905
772.5	95.8433	4.15675
775	95.8424	4.15763
777.5	95.8001	4.19991
780	95.7885	4.21155
782.5	95.8104	4.18955
785	95.7934	4.20663
787.5	95.8195	4.18048
790	95.7907	4.20931
792.5	95.8167	4.18327
795	95.7556	4.24438
797.5	95.7728	4.22723
800	95.8179	4.18211
802.5	95.8283	4.17175
805	95.7488	4.2512
807.5	95.7524	4.24762
810	95.7858	4.21424
812.5	95.8175	4.18246
815	95.8054	4.19462
817.5	95.7783	4.22174
820	95.752	4.24797
822.5	95.7265	4.27346
825	95.7099	4.29014
827.5	95.7651	4.2349
830	95.7427	4.25734

