Simulation parameters:

Distribution: Poly Disperse - Log Normal 
Number of discrete sphere sizes: 101
Mean diameter of spheres: 5.5 um
Std. deviation: 0.25 um
Total Concentration (Spheres in a volume of 1mm^3): 1e+08

Wavelength Range: 390nm to 830nm in 2.5nm steps

Sphere and Medium Data:
Dia.(um)	Num. Den.(in a vol. of 1mm^3)	Ref. Index of sphere (real | imag)
1.96983	2038	1.333	0	1
2.08563	4794	1.333	0	1
2.20143	10260	1.333	0	1
2.31723	20227	1.333	0	1
2.43303	37102	1.333	0	1
2.54883	63857	1.333	0	1
2.66463	103874	1.333	0	1
2.78043	160679	1.333	0	1
2.89623	237611	1.333	0	1
3.01203	337453	1.333	0	1
3.12783	462092	1.333	0	1
3.24363	612244	1.333	0	1
3.35944	787277	1.333	0	1
3.47524	985164	1.333	0	1
3.59104	1.20256e+06	1.333	0	1
3.70684	1.43496e+06	1.333	0	1
3.82264	1.677e+06	1.333	0	1
3.93844	1.92274e+06	1.333	0	1
4.05424	2.16604e+06	1.333	0	1
4.17004	2.40085e+06	1.333	0	1
4.28584	2.6215e+06	1.333	0	1
4.40164	2.823e+06	1.333	0	1
4.51744	3.00116e+06	1.333	0	1
4.63324	3.15271e+06	1.333	0	1
4.74904	3.27539e+06	1.333	0	1
4.86484	3.3679e+06	1.333	0	1
4.98064	3.42989e+06	1.333	0	1
5.09644	3.46182e+06	1.333	0	1
5.21224	3.46489e+06	1.333	0	1
5.32804	3.44092e+06	1.333	0	1
5.44384	3.39216e+06	1.333	0	1
5.55964	3.32121e+06	1.333	0	1
5.67544	3.23089e+06	1.333	0	1
5.79124	3.12411e+06	1.333	0	1
5.90704	3.00377e+06	1.333	0	1
6.02284	2.87273e+06	1.333	0	1
6.13864	2.73367e+06	1.333	0	1
6.25444	2.58911e+06	1.333	0	1
6.37024	2.44133e+06	1.333	0	1
6.48604	2.29239e+06	1.333	0	1
6.60184	2.14406e+06	1.333	0	1
6.71764	1.99789e+06	1.333	0	1
6.83344	1.85517e+06	1.333	0	1
6.94924	1.71694e+06	1.333	0	1
7.06504	1.58406e+06	1.333	0	1
7.18084	1.45715e+06	1.333	0	1
7.29664	1.33666e+06	1.333	0	1
7.41244	1.22291e+06	1.333	0	1
7.52824	1.11605e+06	1.333	0	1
7.64405	1.01613e+06	1.333	0	1
7.75985	923083	1.333	0	1
7.87565	836788	1.333	0	1
7.99145	757044	1.333	0	1
8.10725	683602	1.333	0	1
8.22305	616179	1.333	0	1
8.33885	554463	1.333	0	1
8.45465	498126	1.333	0	1
8.57045	446832	1.333	0	1
8.68625	400241	1.333	0	1
8.80205	358020	1.333	0	1
8.91785	319837	1.333	0	1
9.03365	285377	1.333	0	1
9.14945	254335	1.333	0	1
9.26525	226420	1.333	0	1
9.38105	201360	1.333	0	1
9.49685	178897	1.333	0	1
9.61265	158792	1.333	0	1
9.72845	140822	1.333	0	1
9.84425	124782	1.333	0	1
9.96005	110482	1.333	0	1
10.0759	97749	1.333	0	1
10.1917	86422	1.333	0	1
10.3075	76357	1.333	0	1
10.4233	67422	1.333	0	1
10.5391	59497	1.333	0	1
10.6549	52475	1.333	0	1
10.7707	46258	1.333	0	1
10.8865	40757	1.333	0	1
11.0023	35893	1.333	0	1
11.1181	31597	1.333	0	1
11.2339	27803	1.333	0	1
11.3497	24456	1.333	0	1
11.4655	21504	1.333	0	1
11.5813	18902	1.333	0	1
11.6971	16610	1.333	0	1
11.8129	14591	1.333	0	1
11.9287	12815	1.333	0	1
12.0445	11251	1.333	0	1
12.1603	9877	1.333	0	1
12.2761	8668	1.333	0	1
12.3919	7606	1.333	0	1
12.5077	6673	1.333	0	1
12.6235	5854	1.333	0	1
12.7393	5134	1.333	0	1
12.8551	4502	1.333	0	1
12.9709	3948	1.333	0	1
13.0867	3461	1.333	0	1
13.2025	3034	1.333	0	1
13.3183	2660	1.333	0	1
13.4341	2332	1.333	0	1
13.5499	2044	1.333	0	1


Output:


Scattering Coefficient (us), g and Reduced Scattering Coefficient (us'):
WL(nm)	us(mm^-1)	g	us'(mm^-1)
390	5786.83	0.847129	884.64
392.5	5787.06	0.847242	884.018
395	5791.17	0.846413	889.447
397.5	5793.58	0.845978	892.337
400	5793.41	0.847233	885.045
402.5	5795.3	0.845879	893.177
405	5789.85	0.846696	887.608
407.5	5794.33	0.846901	887.108
410	5800.28	0.845724	894.842
412.5	5807.64	0.844249	904.546
415	5801.49	0.845759	894.827
417.5	5809.24	0.845554	897.212
420	5806.6	0.844856	900.857
422.5	5806.72	0.843547	908.482
425	5801.35	0.845724	895.009
427.5	5806.64	0.847731	884.174
430	5835.24	0.843685	912.133
432.5	5832.45	0.836138	955.718
435	5747.57	0.849851	862.992
437.5	5820.24	0.854904	844.495
440	5908.56	0.829277	1008.72
442.5	5800.23	0.837942	939.973
445	5775.97	0.852559	851.616
447.5	5908.37	0.834103	980.179
450	5857.83	0.839364	940.977
452.5	5811.54	0.844419	904.167
455	5817.89	0.843858	908.418
457.5	5825.36	0.84336	912.485
460	5849.49	0.840629	932.241
462.5	5827.27	0.843382	912.655
465	5841.11	0.84116	927.802
467.5	5838.3	0.841765	923.823
470	5839.24	0.841839	923.538
472.5	5847.33	0.840732	931.294
475	5844.71	0.841144	928.464
477.5	5852.71	0.840062	936.069
480	5848.66	0.840746	931.422
482.5	5846.67	0.841099	929.043
485	5850.98	0.840564	932.854
487.5	5864.21	0.838756	945.569
490	5856.3	0.83996	937.242
492.5	5853.77	0.840377	934.397
495	5856.95	0.840019	936.999
497.5	5856.2	0.840251	935.523
500	5878.78	0.83708	957.772
502.5	5873.03	0.837955	951.693
505	5866.4	0.839019	944.378
507.5	5868.39	0.838808	945.938
510	5868.64	0.838905	945.409
512.5	5873.12	0.838251	949.974
515	5867.59	0.839119	943.983
517.5	5868.61	0.839066	944.46
520	5886.67	0.836561	962.108
522.5	5878.84	0.837773	953.705
525	5887.97	0.836555	962.358
527.5	5886.71	0.83678	960.831
530	5895.55	0.835621	969.105
532.5	5883.94	0.837287	957.394
535	5882.57	0.83766	954.975
537.5	5887.08	0.837066	959.207
540	5887.23	0.837182	958.546
542.5	5879.84	0.838238	951.133
545	5882.57	0.837918	953.457
547.5	5884.79	0.837701	955.094
550	5889.14	0.837139	959.109
552.5	5891.82	0.836951	960.655
555	5901.15	0.835673	969.718
557.5	5906.03	0.834887	975.163
560	5909.26	0.834761	976.441
562.5	5902.71	0.835791	969.278
565	5906.52	0.835135	973.777
567.5	5904.24	0.835709	970.015
570	5910.77	0.834802	976.448
572.5	5924.31	0.832988	989.432
575	5920.22	0.833671	984.707
577.5	5914.51	0.834541	978.607
580	5912.63	0.834829	976.594
582.5	5914.64	0.834693	977.728
585	5919.35	0.834256	981.096
587.5	5911.57	0.835233	974.029
590	5916.21	0.834453	979.411
592.5	5917.96	0.834409	979.962
595	5936.91	0.832061	997.038
597.5	5912.56	0.835536	972.402
600	5953.94	0.829703	1013.94
602.5	5905.45	0.836634	964.749
605	5946.51	0.830693	1006.79
607.5	5912.71	0.835822	970.736
610	5928.11	0.83354	986.797
612.5	5950.49	0.830664	1007.63
615	5928.45	0.833709	985.85
617.5	5937.18	0.832548	994.194
620	5944.3	0.831744	1000.16
622.5	5947.26	0.831317	1003.2
625	5940.62	0.832335	996.035
627.5	5944.94	0.831696	1000.56
630	5958.14	0.83003	1012.71
632.5	5956.13	0.830473	1009.73
635	5954.15	0.830822	1007.31
637.5	5948.36	0.831681	1001.22
640	5948.37	0.83173	1000.94
642.5	5950.3	0.831482	1002.73
645	5957.16	0.830669	1008.73
647.5	5961.96	0.830114	1012.85
650	5953.49	0.83119	1005.01
652.5	5959.51	0.830388	1010.81
655	5958.88	0.830817	1008.14
657.5	5975.07	0.828758	1023.19
660	5964.8	0.829414	1017.51
662.5	5962.91	0.8305	1010.71
665	5958.55	0.831293	1005.25
667.5	5998.02	0.825516	1046.56
670	5942.69	0.832675	994.359
672.5	5962.49	0.831174	1006.62
675	5982.27	0.828185	1027.84
677.5	5954.48	0.831255	1004.79
680	5995.95	0.82643	1040.72
682.5	5985.72	0.828041	1029.3
685	5962.52	0.830737	1009.24
687.5	5971.78	0.829628	1017.42
690	5984.15	0.828084	1028.77
692.5	5983.47	0.828174	1028.11
695	5982.62	0.828357	1026.87
697.5	5988.03	0.827697	1031.76
700	5985.38	0.828098	1028.9
702.5	5985.61	0.828142	1028.68
705	5992.45	0.827247	1035.21
707.5	5989.97	0.827673	1032.23
710	5984.49	0.828491	1026.4
712.5	5996.62	0.826907	1037.97
715	6002.16	0.826167	1043.37
717.5	6001.03	0.826414	1041.69
720	6007.08	0.82564	1047.39
722.5	6007.13	0.82568	1047.16
725	6012	0.825162	1051.13
727.5	6013.03	0.825132	1051.49
730	6018.8	0.824417	1056.8
732.5	6021.48	0.823958	1060.03
735	6012.7	0.825462	1049.44
737.5	6014.64	0.824798	1053.77
740	6007.13	0.826386	1042.92
742.5	6027.28	0.823265	1065.23
745	6005.8	0.826645	1041.13
747.5	6042.57	0.821463	1078.82
750	5998.38	0.827643	1033.86
752.5	6038.23	0.822344	1072.73
755	6008.3	0.826403	1043.02
757.5	6044.21	0.821612	1078.21
760	6026.26	0.824043	1060.37
762.5	6027.25	0.824015	1060.71
765	6024.3	0.824508	1057.22
767.5	6031.7	0.823553	1064.28
770	6034.05	0.823285	1066.31
772.5	6034.3	0.823316	1066.17
775	6039.33	0.82273	1070.59
777.5	6035.96	0.823245	1066.89
780	6039.45	0.82277	1070.37
782.5	6044.03	0.822452	1073.11
785	6030.85	0.824057	1061.09
787.5	6057.79	0.820502	1087.36
790	6047.74	0.822208	1075.24
792.5	6037.17	0.823457	1065.82
795	6055.04	0.821127	1083.08
797.5	6055.79	0.821241	1082.52
800	6050.5	0.821953	1077.27
802.5	6055.9	0.821248	1082.5
805	6062	0.820571	1087.7
807.5	6061.82	0.820746	1086.61
810	6060.98	0.82093	1085.34
812.5	6061.23	0.820898	1085.58
815	6062.64	0.820741	1086.79
817.5	6068.17	0.820077	1091.8
820	6071.86	0.819672	1094.93
822.5	6073.42	0.819553	1095.93
825	6077.42	0.819103	1099.38
827.5	6079.44	0.818924	1100.84
830	6076.03	0.819504	1096.7

Scattering (Csca), Extinction (Cext) and Backscattering (Cback) Cross Sections:
WL(nm)	Csca(um^2)	Cext(um^2)	Cback(um^2)
390	57.8683	57.8683	35.8986
392.5	57.8706	57.8706	42.5051
395	57.9117	57.9117	34.8374
397.5	57.9358	57.9358	38.1936
400	57.9341	57.9341	37.3035
402.5	57.953	57.953	41.1902
405	57.8985	57.8985	36.304
407.5	57.9433	57.9433	35.6649
410	58.0028	58.0028	38.4967
412.5	58.0764	58.0764	38.4595
415	58.0149	58.0149	40.7955
417.5	58.0924	58.0924	39.6882
420	58.066	58.066	34.9983
422.5	58.0672	58.0672	43.6377
425	58.0135	58.0135	35.5933
427.5	58.0664	58.0664	32.7151
430	58.3524	58.3524	41.2038
432.5	58.3245	58.3245	49.1984
435	57.4757	57.4757	31.6971
437.5	58.2024	58.2024	19.8667
440	59.0856	59.0856	68.7166
442.5	58.0023	58.0023	44.6119
445	57.7597	57.7597	20.2108
447.5	59.0837	59.0837	52.0654
450	58.5783	58.5783	75.0315
452.5	58.1154	58.1154	21.5158
455	58.1789	58.1789	22.0535
457.5	58.2536	58.2536	54.6307
460	58.4949	58.4949	46.5005
462.5	58.2727	58.2727	22.8034
465	58.4111	58.4111	34.2865
467.5	58.3829	58.3829	45.4204
470	58.3924	58.3924	35.8122
472.5	58.4733	58.4733	33.6106
475	58.4471	58.4471	40.4242
477.5	58.5271	58.5271	41.8258
480	58.4866	58.4866	32.8285
482.5	58.4667	58.4667	33.6551
485	58.5098	58.5098	44.0644
487.5	58.6421	58.6421	42.6143
490	58.563	58.563	35.0186
492.5	58.5377	58.5377	35.7863
495	58.5695	58.5695	37.2058
497.5	58.562	58.562	33.9395
500	58.7878	58.7878	40.5907
502.5	58.7303	58.7303	39.8457
505	58.664	58.664	35.1388
507.5	58.6839	58.6839	38.3021
510	58.6864	58.6864	35.2628
512.5	58.7312	58.7312	38.8402
515	58.6759	58.6759	34.0746
517.5	58.6861	58.6861	35.9697
520	58.8667	58.8667	37.696
522.5	58.7884	58.7884	33.3916
525	58.8797	58.8797	41.1743
527.5	58.8671	58.8671	38.5891
530	58.9555	58.9555	42.8438
532.5	58.8394	58.8394	36.8204
535	58.8257	58.8257	32.8042
537.5	58.8708	58.8708	40.1629
540	58.8723	58.8723	36.1059
542.5	58.7984	58.7984	32.5433
545	58.8257	58.8257	32.5231
547.5	58.8479	58.8479	33.8341
550	58.8914	58.8914	34.2869
552.5	58.9182	58.9182	34.1796
555	59.0115	59.0115	39.2315
557.5	59.0603	59.0603	40.0968
560	59.0926	59.0926	38.416
562.5	59.0271	59.0271	40.0792
565	59.0652	59.0652	37.3889
567.5	59.0424	59.0424	35.3516
570	59.1077	59.1077	33.81
572.5	59.2431	59.2431	35.7214
575	59.2022	59.2022	40.0945
577.5	59.1451	59.1451	37.4901
580	59.1263	59.1263	35.6279
582.5	59.1464	59.1464	35.9318
585	59.1935	59.1935	35.6932
587.5	59.1157	59.1157	35.111
590	59.1621	59.1621	33.2529
592.5	59.1796	59.1796	36.7416
595	59.3691	59.3691	40.5614
597.5	59.1256	59.1256	34.0486
600	59.5394	59.5394	44.0703
602.5	59.0545	59.0545	30.0153
605	59.4651	59.4651	39.4549
607.5	59.1271	59.1271	29.6457
610	59.2811	59.2811	34.3587
612.5	59.5049	59.5049	41.2052
615	59.2845	59.2845	32.1783
617.5	59.3718	59.3718	36.4699
620	59.443	59.443	36.5781
622.5	59.4726	59.4726	43.9583
625	59.4062	59.4062	32.5391
627.5	59.4494	59.4494	36.7895
630	59.5814	59.5814	42.3895
632.5	59.5613	59.5613	35.693
635	59.5415	59.5415	35.9573
637.5	59.4836	59.4836	35.1406
640	59.4837	59.4837	33.2007
642.5	59.503	59.503	33.4066
645	59.5716	59.5716	40.0492
647.5	59.6196	59.6196	36.6488
650	59.5349	59.5349	33.8583
652.5	59.5951	59.5951	36.989
655	59.5888	59.5888	37.3026
657.5	59.7507	59.7507	38.8253
660	59.648	59.648	37.3864
662.5	59.6291	59.6291	36.1279
665	59.5855	59.5855	33.6646
667.5	59.9802	59.9802	44.0089
670	59.4269	59.4269	31.2774
672.5	59.6249	59.6249	29.4702
675	59.8227	59.8227	43.5802
677.5	59.5448	59.5448	30.9438
680	59.9595	59.9595	35.8967
682.5	59.8572	59.8572	43.0639
685	59.6252	59.6252	29.1624
687.5	59.7178	59.7178	34.4993
690	59.8415	59.8415	42.6158
692.5	59.8347	59.8347	30.9166
695	59.8262	59.8262	39.3458
697.5	59.8803	59.8803	36.5824
700	59.8538	59.8538	34.8791
702.5	59.8561	59.8561	37.7761
705	59.9245	59.9245	36.599
707.5	59.8997	59.8997	37.5577
710	59.8449	59.8449	35.2717
712.5	59.9662	59.9662	38.1559
715	60.0216	60.0216	39.844
717.5	60.0103	60.0103	37.2296
720	60.0707	60.0707	39.8198
722.5	60.0713	60.0713	38.3649
725	60.12	60.12	40.237
727.5	60.1303	60.1303	40.3484
730	60.188	60.188	41.795
732.5	60.2148	60.2148	44.1998
735	60.127	60.127	37.8947
737.5	60.1464	60.1464	40.1524
740	60.0713	60.0713	36.264
742.5	60.2728	60.2728	41.471
745	60.058	60.058	39.0454
747.5	60.4257	60.4257	46.5683
750	59.9838	59.9838	32.5136
752.5	60.3823	60.3823	45.3664
755	60.083	60.083	32.4953
757.5	60.4421	60.4421	49.4452
760	60.2626	60.2626	37.4287
762.5	60.2725	60.2725	41.7015
765	60.243	60.243	37.9117
767.5	60.317	60.317	36.949
770	60.3405	60.3405	39.5976
772.5	60.343	60.343	38.0891
775	60.3933	60.3933	42.5611
777.5	60.3596	60.3596	43.5027
780	60.3945	60.3945	41.9028
782.5	60.4403	60.4403	40.3334
785	60.3085	60.3085	35.0867
787.5	60.5779	60.5779	40.3815
790	60.4774	60.4774	38.0492
792.5	60.3717	60.3717	39.4795
795	60.5504	60.5504	48.3493
797.5	60.5579	60.5579	45.9152
800	60.505	60.505	37.1132
802.5	60.559	60.559	36.7583
805	60.62	60.62	40.7212
807.5	60.6182	60.6182	42.6477
810	60.6098	60.6098	43.3692
812.5	60.6123	60.6123	42.4159
815	60.6264	60.6264	41.0856
817.5	60.6817	60.6817	42.6412
820	60.7186	60.7186	44.077
822.5	60.7342	60.7342	43.8133
825	60.7742	60.7742	45.0757
827.5	60.7944	60.7944	44.7522
830	60.7603	60.7603	42.172

Forward and Backward Scattering percentages:
WL(nm)	Forward %	Backward %
390	95.7885	4.21155
392.5	95.7934	4.20663
395	95.7907	4.20931
397.5	95.7556	4.24438
400	95.8179	4.18211
402.5	95.7488	4.2512
405	95.7858	4.21424
407.5	95.8054	4.19462
410	95.752	4.24797
412.5	95.7099	4.29014
415	95.7427	4.25734
417.5	95.7521	4.24785
420	95.744	4.25598
422.5	95.6802	4.31983
425	95.7396	4.26036
427.5	95.7761	4.22395
430	95.7903	4.20965
432.5	95.4216	4.57845
435	95.7885	4.21148
437.5	96.1941	3.80592
440	95.0069	4.99308
442.5	95.6386	4.3614
445	95.9376	4.06238
447.5	95.1502	4.84977
450	95.5045	4.49551
452.5	95.7579	4.24213
455	95.6813	4.31868
457.5	95.631	4.36903
460	95.6049	4.39507
462.5	95.6824	4.31761
465	95.6123	4.38772
467.5	95.6168	4.38325
470	95.6314	4.36857
472.5	95.5675	4.43254
475	95.5821	4.41789
477.5	95.5842	4.41578
480	95.5656	4.43435
482.5	95.579	4.42095
485	95.5901	4.40985
487.5	95.5106	4.4894
490	95.5456	4.45436
492.5	95.5716	4.42841
495	95.5691	4.43088
497.5	95.5722	4.42779
500	95.4505	4.54948
502.5	95.4734	4.52661
505	95.5313	4.46869
507.5	95.5005	4.49951
510	95.5215	4.47847
512.5	95.4838	4.5162
515	95.5344	4.46557
517.5	95.5197	4.48034
520	95.4516	4.54839
522.5	95.4721	4.52789
525	95.4505	4.54948
527.5	95.4332	4.56679
530	95.3993	4.6007
532.5	95.4353	4.56467
535	95.4881	4.51194
537.5	95.4484	4.55162
540	95.4473	4.55268
542.5	95.4933	4.5067
545	95.4765	4.52353
547.5	95.4714	4.52863
550	95.4614	4.53857
552.5	95.4581	4.54194
555	95.3772	4.6228
557.5	95.36	4.63996
560	95.4004	4.59962
562.5	95.3985	4.60154
565	95.3814	4.61862
567.5	95.4055	4.59451
570	95.3689	4.63111
572.5	95.2813	4.71866
575	95.3085	4.69149
577.5	95.3665	4.63354
580	95.3672	4.6328
582.5	95.3664	4.63355
585	95.3537	4.64634
587.5	95.3994	4.60064
590	95.372	4.62801
592.5	95.351	4.649
595	95.2738	4.7262
597.5	95.3782	4.62181
600	95.2119	4.78806
602.5	95.4299	4.5701
605	95.2247	4.77533
607.5	95.4096	4.59037
610	95.3392	4.66084
612.5	95.2076	4.79242
615	95.345	4.65496
617.5	95.2999	4.70012
620	95.2632	4.73681
622.5	95.2098	4.79017
625	95.2854	4.71461
627.5	95.2535	4.7465
630	95.1899	4.81012
632.5	95.2255	4.77454
635	95.2257	4.77427
637.5	95.2575	4.74249
640	95.2691	4.73087
642.5	95.2714	4.72862
645	95.2145	4.78547
647.5	95.2018	4.79822
650	95.267	4.73296
652.5	95.2208	4.77917
655	95.2166	4.78337
657.5	95.1568	4.84322
660	95.1904	4.80962
662.5	95.1658	4.83419
665	95.3216	4.67845
667.5	95.0034	4.9966
670	95.3311	4.66895
672.5	95.2577	4.74233
675	95.1482	4.85183
677.5	95.2813	4.7187
680	95.047	4.953
682.5	95.1462	4.85381
685	95.2799	4.72007
687.5	95.1902	4.80984
690	95.1522	4.84783
692.5	95.1691	4.8309
695	95.1588	4.84121
697.5	95.1279	4.87214
700	95.157	4.84305
702.5	95.1611	4.83894
705	95.1225	4.87747
707.5	95.1433	4.85674
710	95.1846	4.81541
712.5	95.1072	4.89276
715	95.07	4.93004
717.5	95.0719	4.92815
720	95.0505	4.94949
722.5	95.0699	4.93011
725	95.0511	4.94887
727.5	95.0418	4.95819
730	95.0028	4.99715
732.5	94.9475	5.05252
735	95.0619	4.93807
737.5	95.0366	4.96342
740	95.1045	4.89546
742.5	94.9696	5.03042
745	95.1067	4.89329
747.5	94.8818	5.11825
750	95.1719	4.82811
752.5	94.9412	5.05882
755	95.1301	4.86985
757.5	94.9047	5.09532
760	94.9992	5.0008
762.5	95.0337	4.96627
765	95.058	4.942
767.5	95.009	4.991
770	94.9931	5.00694
772.5	94.9999	5.00008
775	94.98	5.02001
777.5	94.9882	5.01184
780	94.9892	5.01084
782.5	94.9747	5.0253
785	95.0557	4.94432
787.5	94.876	5.12401
790	94.9634	5.03664
792.5	95.0486	4.95137
795	94.9203	5.07969
797.5	94.9137	5.08626
800	94.9725	5.02751
802.5	94.9359	5.06408
805	94.8997	5.10029
807.5	94.9154	5.08458
810	94.9214	5.07862
812.5	94.9199	5.08011
815	94.9248	5.07523
817.5	94.8923	5.10767
820	94.867	5.13301
822.5	94.8754	5.12456
825	94.8472	5.15278
827.5	94.8392	5.16082
830	94.8824	5.11758

