Simulation parameters:

Distribution: Poly Disperse - Log Normal 
Number of discrete sphere sizes: 101
Mean diameter of spheres: 8.5 um
Std. deviation: 0.25 um
Total Concentration (Spheres in a volume of 1mm^3): 1e+08

Wavelength Range: 390nm to 830nm in 2.5nm steps

Sphere and Medium Data:
Dia.(um)	Num. Den.(in a vol. of 1mm^3)	Ref. Index of sphere (real | imag)
3.04429	2038	1.333	0	1
3.22325	4794	1.333	0	1
3.40221	10260	1.333	0	1
3.58118	20227	1.333	0	1
3.76014	37102	1.333	0	1
3.93911	63857	1.333	0	1
4.11807	103874	1.333	0	1
4.29703	160679	1.333	0	1
4.476	237611	1.333	0	1
4.65496	337453	1.333	0	1
4.83393	462092	1.333	0	1
5.01289	612244	1.333	0	1
5.19185	787277	1.333	0	1
5.37082	985164	1.333	0	1
5.54978	1.20256e+06	1.333	0	1
5.72875	1.43496e+06	1.333	0	1
5.90771	1.677e+06	1.333	0	1
6.08667	1.92274e+06	1.333	0	1
6.26564	2.16604e+06	1.333	0	1
6.4446	2.40085e+06	1.333	0	1
6.62357	2.6215e+06	1.333	0	1
6.80253	2.823e+06	1.333	0	1
6.98149	3.00116e+06	1.333	0	1
7.16046	3.15271e+06	1.333	0	1
7.33942	3.27539e+06	1.333	0	1
7.51839	3.3679e+06	1.333	0	1
7.69735	3.42989e+06	1.333	0	1
7.87632	3.46182e+06	1.333	0	1
8.05528	3.46489e+06	1.333	0	1
8.23424	3.44092e+06	1.333	0	1
8.41321	3.39216e+06	1.333	0	1
8.59217	3.32121e+06	1.333	0	1
8.77114	3.23089e+06	1.333	0	1
8.9501	3.12411e+06	1.333	0	1
9.12906	3.00377e+06	1.333	0	1
9.30803	2.87273e+06	1.333	0	1
9.48699	2.73367e+06	1.333	0	1
9.66596	2.58911e+06	1.333	0	1
9.84492	2.44133e+06	1.333	0	1
10.0239	2.29239e+06	1.333	0	1
10.2028	2.14406e+06	1.333	0	1
10.3818	1.99789e+06	1.333	0	1
10.5608	1.85517e+06	1.333	0	1
10.7397	1.71694e+06	1.333	0	1
10.9187	1.58406e+06	1.333	0	1
11.0977	1.45715e+06	1.333	0	1
11.2766	1.33666e+06	1.333	0	1
11.4556	1.22291e+06	1.333	0	1
11.6346	1.11605e+06	1.333	0	1
11.8135	1.01613e+06	1.333	0	1
11.9925	923083	1.333	0	1
12.1715	836788	1.333	0	1
12.3504	757044	1.333	0	1
12.5294	683602	1.333	0	1
12.7083	616179	1.333	0	1
12.8873	554463	1.333	0	1
13.0663	498126	1.333	0	1
13.2452	446832	1.333	0	1
13.4242	400241	1.333	0	1
13.6032	358020	1.333	0	1
13.7821	319837	1.333	0	1
13.9611	285377	1.333	0	1
14.1401	254335	1.333	0	1
14.319	226420	1.333	0	1
14.498	201360	1.333	0	1
14.6769	178897	1.333	0	1
14.8559	158792	1.333	0	1
15.0349	140822	1.333	0	1
15.2138	124782	1.333	0	1
15.3928	110482	1.333	0	1
15.5718	97749	1.333	0	1
15.7507	86422	1.333	0	1
15.9297	76357	1.333	0	1
16.1087	67422	1.333	0	1
16.2876	59497	1.333	0	1
16.4666	52475	1.333	0	1
16.6456	46258	1.333	0	1
16.8245	40757	1.333	0	1
17.0035	35893	1.333	0	1
17.1824	31597	1.333	0	1
17.3614	27803	1.333	0	1
17.5404	24456	1.333	0	1
17.7193	21504	1.333	0	1
17.8983	18902	1.333	0	1
18.0773	16610	1.333	0	1
18.2562	14591	1.333	0	1
18.4352	12815	1.333	0	1
18.6142	11251	1.333	0	1
18.7931	9877	1.333	0	1
18.9721	8668	1.333	0	1
19.1511	7606	1.333	0	1
19.33	6673	1.333	0	1
19.509	5854	1.333	0	1
19.6879	5134	1.333	0	1
19.8669	4502	1.333	0	1
20.0459	3948	1.333	0	1
20.2248	3461	1.333	0	1
20.4038	3034	1.333	0	1
20.5828	2660	1.333	0	1
20.7617	2332	1.333	0	1
20.9407	2044	1.333	0	1


Output:


Scattering Coefficient (us), g and Reduced Scattering Coefficient (us'):
WL(nm)	us(mm^-1)	g	us'(mm^-1)
390	13567.9	0.858018	1926.4
392.5	13568.1	0.858227	1923.59
395	13582.9	0.857317	1938.06
397.5	13571.7	0.858088	1925.99
400	13575.1	0.857917	1928.79
402.5	13588.8	0.857111	1941.69
405	13581.7	0.857617	1933.81
407.5	13592.9	0.856891	1945.27
410	13589	0.857259	1939.71
412.5	13649.6	0.853427	2000.66
415	13597.7	0.856822	1946.89
417.5	13624	0.855345	1970.78
420	13602.9	0.856652	1949.94
422.5	13598.1	0.85701	1944.4
425	13603.2	0.856702	1949.31
427.5	13622.7	0.855635	1966.64
430	13602.4	0.856998	1945.17
432.5	13634.2	0.854973	1977.33
435	13624.2	0.855668	1966.41
437.5	13637.9	0.854922	1978.57
440	13643.8	0.854588	1983.97
442.5	13622.3	0.856059	1960.81
445	13627.8	0.855689	1966.63
447.5	13663.8	0.853315	2004.27
450	13649.5	0.854417	1987.14
452.5	13665.9	0.853993	1995.32
455	13652.9	0.85449	1986.64
457.5	13672.3	0.853027	2009.46
460	13690.8	0.853164	2010.31
462.5	13614.8	0.85706	1946.1
465	13645.1	0.85487	1980.32
467.5	13688.9	0.852458	2019.69
470	13646.2	0.85527	1975.01
472.5	13671.2	0.853641	2000.91
475	13668.9	0.853458	2003.08
477.5	13668.4	0.853965	1996.06
480	13674.4	0.853896	1997.88
482.5	13679.4	0.85325	2007.46
485	13705.4	0.851602	2033.87
487.5	13678.9	0.853521	2003.67
490	13687.5	0.853101	2010.67
492.5	13697.4	0.852367	2022.18
495	13675.4	0.853943	1997.39
497.5	13693.6	0.85274	2016.51
500	13715.6	0.85148	2037.03
502.5	13692.4	0.853001	2012.77
505	13716.8	0.851549	2036.27
507.5	13697.7	0.852695	2017.74
510	13706.4	0.852143	2026.59
512.5	13724.1	0.851464	2038.51
515	13709.2	0.853023	2014.93
517.5	13722.9	0.8517	2035.11
520	13721	0.851446	2038.31
522.5	13714.1	0.851971	2030.08
525	13733.5	0.85095	2046.98
527.5	13736.8	0.850695	2050.97
530	13738.5	0.850608	2052.43
532.5	13739	0.850878	2048.8
535	13740	0.850974	2047.62
537.5	13743.6	0.850489	2054.82
540	13751.9	0.849921	2063.88
542.5	13762.9	0.849585	2070.15
545	13754.5	0.850165	2060.91
547.5	13741.4	0.850759	2050.79
550	13755.1	0.850064	2062.38
552.5	13749.9	0.850287	2058.53
555	13753.9	0.85025	2059.65
557.5	13777.3	0.848844	2082.51
560	13772.2	0.849239	2076.31
562.5	13762.6	0.849879	2066.05
565	13770	0.849452	2073.05
567.5	13793.6	0.848103	2095.2
570	13773.4	0.849403	2074.23
572.5	13792.1	0.848143	2094.42
575	13777.6	0.849208	2077.56
577.5	13770.5	0.849835	2067.85
580	13805.1	0.847619	2103.64
582.5	13794.5	0.848271	2093.02
585	13813.9	0.847242	2110.18
587.5	13798.4	0.848265	2093.71
590	13796.5	0.848283	2093.16
592.5	13828.1	0.846568	2121.67
595	13824.9	0.846659	2119.92
597.5	13806.6	0.847868	2100.42
600	13816.9	0.847218	2110.97
602.5	13817.5	0.847332	2109.49
605	13820.8	0.84725	2111.13
607.5	13831	0.8468	2118.91
610	13816.7	0.847448	2107.75
612.5	13815.3	0.847105	2112.3
615	13827.6	0.846688	2119.93
617.5	13831.7	0.847417	2110.49
620	13837.3	0.846978	2117.42
622.5	13844.9	0.84555	2138.35
625	13843	0.84559	2137.5
627.5	13859	0.845308	2143.87
630	13832.8	0.847339	2111.73
632.5	13859.9	0.845559	2140.52
635	13851.1	0.845662	2137.76
637.5	13871.1	0.844249	2160.44
640	13848.5	0.845865	2134.54
642.5	13852.7	0.846306	2129.08
645	13869.8	0.845846	2138.1
647.5	13869.4	0.845493	2142.91
650	13882.4	0.843581	2171.46
652.5	13872.9	0.843316	2173.66
655	13862.7	0.844349	2157.74
657.5	13861.2	0.845881	2136.28
660	13870.8	0.847122	2120.54
662.5	13895.4	0.847066	2125.07
665	13943.7	0.842704	2193.3
667.5	13953.3	0.837055	2273.62
670	13852.6	0.837818	2246.65
672.5	13723.4	0.851149	2042.74
675	13802.6	0.857922	1961.05
677.5	14060.3	0.845336	2174.62
680	14112.2	0.829277	2409.27
682.5	13894	0.835449	2286.27
685	13742.8	0.847691	2093.15
687.5	13806.1	0.851544	2049.6
690	13951.7	0.84583	2150.94
692.5	13972.6	0.840582	2227.48
695	13903.2	0.844216	2165.9
697.5	13934.8	0.841224	2212.51
700	13884.2	0.844336	2161.27
702.5	13922.1	0.842207	2196.8
705	13876.2	0.845086	2149.62
707.5	13922.1	0.842998	2185.8
710	14034.4	0.836863	2289.53
712.5	13941.1	0.842309	2198.38
715	13917.7	0.843373	2179.88
717.5	13949.5	0.841264	2214.28
720	13949.4	0.841311	2213.61
722.5	13944.4	0.841765	2206.49
725	13943.4	0.841971	2203.47
727.5	13962.6	0.840903	2221.4
730	13957	0.841271	2215.38
732.5	13953	0.841544	2210.93
735	13960	0.841158	2217.43
737.5	13983.4	0.839782	2240.4
740	13988.7	0.839507	2245.08
742.5	13964.1	0.841044	2219.68
745	13966.9	0.84094	2221.57
747.5	13992.4	0.839439	2246.64
750	13978.8	0.840324	2232.07
752.5	13983.5	0.840085	2236.18
755	13982.7	0.84017	2234.86
757.5	13987	0.839974	2238.29
760	13982.7	0.840294	2233.13
762.5	13983.2	0.840327	2232.74
765	13988.9	0.840019	2237.96
767.5	14004.2	0.839187	2252.05
770	13981.9	0.84053	2229.71
772.5	13999.2	0.839562	2246
775	13995.2	0.839871	2241.04
777.5	13995.4	0.839898	2240.69
780	13998.9	0.839765	2243.11
782.5	14016.8	0.838782	2259.76
785	14005.4	0.839416	2249.05
787.5	13994.2	0.840131	2237.23
790	14012.3	0.839161	2253.73
792.5	14010.5	0.839251	2252.17
795	14036	0.83783	2276.21
797.5	14040.2	0.837595	2280.2
800	14018.7	0.838975	2257.37
802.5	14020.4	0.838932	2258.23
805	14011.7	0.839451	2249.56
807.5	14041.2	0.837773	2277.86
810	14030.4	0.838511	2265.75
812.5	14022.9	0.838888	2259.26
815	14048.4	0.837478	2283.18
817.5	14060.4	0.836853	2293.91
820	14046.6	0.837699	2279.78
822.5	14075.5	0.83605	2307.68
825	14070.7	0.836442	2301.38
827.5	14051.2	0.837665	2281
830	14061.8	0.837049	2291.4

Scattering (Csca), Extinction (Cext) and Backscattering (Cback) Cross Sections:
WL(nm)	Csca(um^2)	Cext(um^2)	Cback(um^2)
390	135.679	135.679	90.5913
392.5	135.681	135.681	91.5932
395	135.829	135.829	87.8148
397.5	135.717	135.717	84.9596
400	135.751	135.751	88.6179
402.5	135.888	135.888	95.7652
405	135.817	135.817	84.973
407.5	135.929	135.929	84.1263
410	135.89	135.89	89.6286
412.5	136.496	136.496	108.637
415	135.977	135.977	83.2264
417.5	136.24	136.24	107.748
420	136.029	136.029	88.3423
422.5	135.981	135.981	82.9184
425	136.032	136.032	72.1687
427.5	136.227	136.227	92.0775
430	136.024	136.024	85.8098
432.5	136.342	136.342	93.7349
435	136.242	136.242	87.0076
437.5	136.379	136.379	93.267
440	136.438	136.438	95.7867
442.5	136.223	136.223	79.8761
445	136.278	136.278	84.0466
447.5	136.638	136.638	113.065
450	136.495	136.495	92.2139
452.5	136.659	136.659	88.6191
455	136.529	136.529	97.3803
457.5	136.723	136.723	102.296
460	136.908	136.908	133.924
462.5	136.148	136.148	88.205
465	136.451	136.451	83.4279
467.5	136.889	136.889	138.876
470	136.462	136.462	81.3883
472.5	136.712	136.712	83.7838
475	136.689	136.689	79.2511
477.5	136.684	136.684	84.084
480	136.744	136.744	85.9294
482.5	136.794	136.794	87.248
485	137.054	137.054	97.3413
487.5	136.789	136.789	83.4112
490	136.875	136.875	89.6201
492.5	136.974	136.974	96.6725
495	136.754	136.754	81.0281
497.5	136.936	136.936	89.9012
500	137.156	137.156	103.597
502.5	136.924	136.924	80.4323
505	137.168	137.168	99.725
507.5	136.977	136.977	86.2147
510	137.064	137.064	94.2966
512.5	137.24	137.24	92.8176
515	137.092	137.092	73.7341
517.5	137.229	137.229	98.2404
520	137.21	137.21	106.885
522.5	137.141	137.141	70.8455
525	137.335	137.335	87.4743
527.5	137.368	137.368	97.8706
530	137.385	137.385	100.696
532.5	137.39	137.39	95.9542
535	137.4	137.4	88.4414
537.5	137.436	137.436	89.2575
540	137.519	137.519	90.6981
542.5	137.629	137.629	96.5932
545	137.545	137.545	93.0763
547.5	137.414	137.414	86.4301
550	137.551	137.551	88.1175
552.5	137.499	137.499	76.1409
555	137.539	137.539	79.4816
557.5	137.773	137.773	85.691
560	137.722	137.722	84.6295
562.5	137.626	137.626	86.0186
565	137.7	137.7	90.2135
567.5	137.936	137.936	89.2363
570	137.734	137.734	86.6027
572.5	137.921	137.921	91.4506
575	137.776	137.776	92.2436
577.5	137.705	137.705	82.4343
580	138.051	138.051	99.4658
582.5	137.945	137.945	89.5399
585	138.139	138.139	110.845
587.5	137.984	137.984	87.3969
590	137.965	137.965	83.6191
592.5	138.281	138.281	95.3751
595	138.249	138.249	101.275
597.5	138.066	138.066	82.5985
600	138.169	138.169	91.9978
602.5	138.175	138.175	95.5524
605	138.208	138.208	90.2541
607.5	138.31	138.31	99.1682
610	138.167	138.167	77.2976
612.5	138.153	138.153	90.0246
615	138.276	138.276	83.6254
617.5	138.317	138.317	87.7182
620	138.373	138.373	89.7061
622.5	138.449	138.449	89.732
625	138.43	138.43	89.4568
627.5	138.59	138.59	101.121
630	138.328	138.328	79.6652
632.5	138.598	138.598	95.5821
635	138.511	138.511	88.4154
637.5	138.711	138.711	91.8579
640	138.485	138.485	87.8892
642.5	138.527	138.527	91.079
645	138.698	138.698	84.931
647.5	138.694	138.694	77.9226
650	138.824	138.824	93.0276
652.5	138.729	138.729	103.743
655	138.627	138.627	103.17
657.5	138.612	138.612	90.6818
660	138.708	138.708	79.8169
662.5	138.954	138.954	87.223
665	139.437	139.437	91.6167
667.5	139.533	139.533	118.289
670	138.526	138.526	107.624
672.5	137.234	137.234	71.9604
675	138.026	138.026	42.3724
677.5	140.603	140.603	79.2895
680	141.122	141.122	164.125
682.5	138.94	138.94	124.022
685	137.428	137.428	57.2599
687.5	138.061	138.061	51.9816
690	139.517	139.517	76.7878
692.5	139.726	139.726	107.719
695	139.032	139.032	120.299
697.5	139.348	139.348	89.1288
700	138.842	138.842	43.167
702.5	139.221	139.221	56.7375
705	138.762	138.762	72.6632
707.5	139.221	139.221	130.796
710	140.344	140.344	168.96
712.5	139.411	139.411	57.0703
715	139.177	139.177	55.2065
717.5	139.495	139.495	84.7306
720	139.494	139.494	98.905
722.5	139.444	139.444	108.484
725	139.434	139.434	98.079
727.5	139.626	139.626	87.0088
730	139.57	139.57	79.2006
732.5	139.53	139.53	85.8306
735	139.6	139.6	96.6268
737.5	139.834	139.834	86.005
740	139.887	139.887	105.228
742.5	139.641	139.641	71.7565
745	139.669	139.669	73.6743
747.5	139.924	139.924	104.612
750	139.788	139.788	107.992
752.5	139.835	139.835	87.2467
755	139.827	139.827	76.2536
757.5	139.87	139.87	79.1928
760	139.827	139.827	84.8027
762.5	139.832	139.832	83.2708
765	139.889	139.889	88.8636
767.5	140.042	140.042	95.3601
770	139.819	139.819	81.2464
772.5	139.992	139.992	83.7299
775	139.952	139.952	84.0474
777.5	139.954	139.954	81.6138
780	139.989	139.989	84.2122
782.5	140.168	140.168	93.5913
785	140.054	140.054	84.045
787.5	139.942	139.942	81.7764
790	140.123	140.123	85.2408
792.5	140.105	140.105	81.5416
795	140.36	140.36	88.528
797.5	140.402	140.402	88.7389
800	140.187	140.187	81.6162
802.5	140.204	140.204	83.9606
805	140.117	140.117	79.22
807.5	140.412	140.412	79.7536
810	140.304	140.304	86.0824
812.5	140.229	140.229	81.2994
815	140.484	140.484	88.4977
817.5	140.604	140.604	78.1604
820	140.466	140.466	84.2555
822.5	140.755	140.755	99.5297
825	140.707	140.707	95.1342
827.5	140.512	140.512	81.6048
830	140.618	140.618	84.2218

Forward and Backward Scattering percentages:
WL(nm)	Forward %	Backward %
390	96.155	3.84495
392.5	96.1706	3.82941
395	96.1364	3.86362
397.5	96.1702	3.8298
400	96.1691	3.83092
402.5	96.1388	3.86118
405	96.1551	3.84495
407.5	96.1405	3.85949
410	96.1284	3.87157
412.5	96.007	3.99298
415	96.146	3.85404
417.5	96.0938	3.90623
420	96.1261	3.87391
422.5	96.1459	3.85414
425	96.1334	3.86656
427.5	96.0868	3.91321
430	96.1412	3.85878
432.5	96.0565	3.94351
435	96.1061	3.89393
437.5	96.068	3.93204
440	96.0475	3.95247
442.5	96.1095	3.89049
445	96.1044	3.89556
447.5	96.0177	3.98226
450	96.047	3.95304
452.5	96.0176	3.98239
455	96.0333	3.96665
457.5	96.0191	3.98094
460	96.026	3.974
462.5	96.1324	3.86757
465	96.0884	3.91156
467.5	95.9755	4.02447
470	96.0806	3.91944
472.5	96.0272	3.97276
475	96.0209	3.97913
477.5	96.038	3.96202
480	96.0389	3.9611
482.5	96.0149	3.98509
485	95.952	4.04804
487.5	96.0287	3.97131
490	95.9984	4.00159
492.5	95.9771	4.02295
495	96.0535	3.94649
497.5	95.9894	4.01059
500	95.9441	4.0559
502.5	96.0057	3.99434
505	95.9541	4.04594
507.5	95.9866	4.01343
510	95.9917	4.00832
512.5	95.9781	4.02185
515	96.0169	3.98314
517.5	95.9167	4.08334
520	95.9183	4.08165
522.5	95.9891	4.01093
525	95.928	4.07197
527.5	95.9265	4.07349
530	95.9372	4.0628
532.5	95.9396	4.06041
535	95.9317	4.06828
537.5	95.9224	4.07757
540	95.901	4.09904
542.5	95.8828	4.11715
545	95.896	4.10395
547.5	95.9357	4.0643
550	95.899	4.10095
552.5	95.9261	4.07392
555	95.9233	4.07672
557.5	95.8519	4.14812
560	95.8895	4.11055
562.5	95.8957	4.10425
565	95.8886	4.11144
567.5	95.8407	4.15935
570	95.8869	4.1131
572.5	95.8274	4.17257
575	95.8709	4.12912
577.5	95.9194	4.08062
580	95.822	4.17805
582.5	95.8628	4.13724
585	95.7776	4.22238
587.5	95.8523	4.14774
590	95.8536	4.14641
592.5	95.7908	4.20923
595	95.7909	4.20905
597.5	95.8365	4.16354
600	95.7985	4.20151
602.5	95.79	4.21004
605	95.7797	4.22027
607.5	95.7816	4.21835
610	95.8312	4.16881
612.5	95.818	4.18198
615	95.7638	4.23621
617.5	95.8077	4.19233
620	95.826	4.174
622.5	95.7304	4.26964
625	95.7485	4.25153
627.5	95.7183	4.28171
630	95.8315	4.16853
632.5	95.7522	4.24778
635	95.7533	4.24669
637.5	95.7099	4.29014
640	95.7541	4.24593
642.5	95.7748	4.22522
645	95.7729	4.22715
647.5	95.7547	4.24527
650	95.6871	4.31294
652.5	95.7007	4.29928
655	95.6948	4.30519
657.5	95.7206	4.27937
660	95.737	4.26295
662.5	95.811	4.18903
665	95.7751	4.22486
667.5	95.5167	4.48335
670	95.3462	4.65381
672.5	95.8713	4.12873
675	96.3206	3.67938
677.5	95.7667	4.23331
680	95.0069	4.99308
682.5	95.5244	4.47557
685	95.946	4.05397
687.5	95.8926	4.10742
690	95.6576	4.34237
692.5	95.5648	4.43522
695	95.728	4.27199
697.5	95.653	4.347
700	95.783	4.21699
702.5	95.626	4.37399
705	95.7405	4.25949
707.5	95.6129	4.38707
710	95.4852	4.51476
712.5	95.6483	4.3517
715	95.6763	4.32366
717.5	95.5932	4.40681
720	95.6185	4.38149
722.5	95.6168	4.38325
725	95.6418	4.35815
727.5	95.5915	4.40845
730	95.5918	4.4082
732.5	95.5987	4.40127
735	95.6107	4.38929
737.5	95.5794	4.42059
740	95.5357	4.46428
742.5	95.5796	4.4204
745	95.5778	4.4222
747.5	95.5388	4.46115
750	95.581	4.41897
752.5	95.57	4.43004
755	95.5613	4.4387
757.5	95.558	4.44198
760	95.5476	4.4524
762.5	95.5798	4.42019
765	95.5691	4.43088
767.5	95.5332	4.4668
770	95.5864	4.41361
772.5	95.5496	4.45035
775	95.5564	4.44357
777.5	95.5586	4.44137
780	95.5427	4.45733
782.5	95.5325	4.46752
785	95.5397	4.46026
787.5	95.5705	4.42955
790	95.5195	4.48049
792.5	95.5403	4.45972
795	95.4765	4.52351
797.5	95.4605	4.53953
800	95.5306	4.46944
802.5	95.5143	4.4857
805	95.5316	4.46839
807.5	95.4721	4.52789
810	95.4846	4.5154
812.5	95.522	4.47804
815	95.4797	4.52032
817.5	95.4449	4.55512
820	95.4658	4.53417
822.5	95.3956	4.60441
825	95.4287	4.57133
827.5	95.4625	4.53747
830	95.4402	4.55984

