Simulation parameters:

Distribution: Poly Disperse - Log Normal 
Number of discrete sphere sizes: 101
Mean diameter of spheres: 16 um
Std. deviation: 0.25 um
Total Concentration (Spheres in a volume of 1mm^3): 1e+08

Wavelength Range: 390nm to 830nm in 2.5nm steps

Sphere and Medium Data:
Dia.(um)	Num. Den.(in a vol. of 1mm^3)	Ref. Index of sphere (real | imag)
5.73042	2038	1.333	0	1
6.06729	4794	1.333	0	1
6.40417	10260	1.333	0	1
6.74104	20227	1.333	0	1
7.07791	37102	1.333	0	1
7.41479	63857	1.333	0	1
7.75166	103874	1.333	0	1
8.08853	160679	1.333	0	1
8.42541	237611	1.333	0	1
8.76228	337453	1.333	0	1
9.09915	462092	1.333	0	1
9.43603	612244	1.333	0	1
9.7729	787277	1.333	0	1
10.1098	985164	1.333	0	1
10.4466	1.20256e+06	1.333	0	1
10.7835	1.43496e+06	1.333	0	1
11.1204	1.677e+06	1.333	0	1
11.4573	1.92274e+06	1.333	0	1
11.7941	2.16604e+06	1.333	0	1
12.131	2.40085e+06	1.333	0	1
12.4679	2.6215e+06	1.333	0	1
12.8048	2.823e+06	1.333	0	1
13.1416	3.00116e+06	1.333	0	1
13.4785	3.15271e+06	1.333	0	1
13.8154	3.27539e+06	1.333	0	1
14.1523	3.3679e+06	1.333	0	1
14.4891	3.42989e+06	1.333	0	1
14.826	3.46182e+06	1.333	0	1
15.1629	3.46489e+06	1.333	0	1
15.4998	3.44092e+06	1.333	0	1
15.8366	3.39216e+06	1.333	0	1
16.1735	3.32121e+06	1.333	0	1
16.5104	3.23089e+06	1.333	0	1
16.8472	3.12411e+06	1.333	0	1
17.1841	3.00377e+06	1.333	0	1
17.521	2.87273e+06	1.333	0	1
17.8579	2.73367e+06	1.333	0	1
18.1947	2.58911e+06	1.333	0	1
18.5316	2.44133e+06	1.333	0	1
18.8685	2.29239e+06	1.333	0	1
19.2054	2.14406e+06	1.333	0	1
19.5422	1.99789e+06	1.333	0	1
19.8791	1.85517e+06	1.333	0	1
20.216	1.71694e+06	1.333	0	1
20.5529	1.58406e+06	1.333	0	1
20.8897	1.45715e+06	1.333	0	1
21.2266	1.33666e+06	1.333	0	1
21.5635	1.22291e+06	1.333	0	1
21.9003	1.11605e+06	1.333	0	1
22.2372	1.01613e+06	1.333	0	1
22.5741	923083	1.333	0	1
22.911	836788	1.333	0	1
23.2478	757044	1.333	0	1
23.5847	683602	1.333	0	1
23.9216	616179	1.333	0	1
24.2585	554463	1.333	0	1
24.5953	498126	1.333	0	1
24.9322	446832	1.333	0	1
25.2691	400241	1.333	0	1
25.606	358020	1.333	0	1
25.9428	319837	1.333	0	1
26.2797	285377	1.333	0	1
26.6166	254335	1.333	0	1
26.9535	226420	1.333	0	1
27.2903	201360	1.333	0	1
27.6272	178897	1.333	0	1
27.9641	158792	1.333	0	1
28.3009	140822	1.333	0	1
28.6378	124782	1.333	0	1
28.9747	110482	1.333	0	1
29.3116	97749	1.333	0	1
29.6484	86422	1.333	0	1
29.9853	76357	1.333	0	1
30.3222	67422	1.333	0	1
30.6591	59497	1.333	0	1
30.9959	52475	1.333	0	1
31.3328	46258	1.333	0	1
31.6697	40757	1.333	0	1
32.0066	35893	1.333	0	1
32.3434	31597	1.333	0	1
32.6803	27803	1.333	0	1
33.0172	24456	1.333	0	1
33.354	21504	1.333	0	1
33.6909	18902	1.333	0	1
34.0278	16610	1.333	0	1
34.3647	14591	1.333	0	1
34.7015	12815	1.333	0	1
35.0384	11251	1.333	0	1
35.3753	9877	1.333	0	1
35.7122	8668	1.333	0	1
36.049	7606	1.333	0	1
36.3859	6673	1.333	0	1
36.7228	5854	1.333	0	1
37.0597	5134	1.333	0	1
37.3965	4502	1.333	0	1
37.7334	3948	1.333	0	1
38.0703	3461	1.333	0	1
38.4072	3034	1.333	0	1
38.744	2660	1.333	0	1
39.0809	2332	1.333	0	1
39.4178	2044	1.333	0	1


Output:


Scattering Coefficient (us), g and Reduced Scattering Coefficient (us'):
WL(nm)	us(mm^-1)	g	us'(mm^-1)
390	47164.4	0.868771	6189.34
392.5	47226.7	0.86806	6231.1
395	47208.1	0.868447	6210.35
397.5	47199.1	0.86868	6198.18
400	47183.8	0.868926	6184.55
402.5	47220.1	0.868399	6214.2
405	47225.3	0.868325	6218.4
407.5	47221	0.868402	6214.19
410	47280	0.867408	6268.92
412.5	47263.7	0.867815	6247.56
415	47241.3	0.867994	6236.15
417.5	47228.3	0.86832	6219
420	47270.2	0.867246	6275.31
422.5	47410.5	0.863224	6484.61
425	47431.7	0.865594	6375.11
427.5	47278.8	0.86886	6200.14
430	47399.4	0.865599	6370.54
432.5	47269.5	0.86773	6252.34
435	47394.9	0.865899	6355.73
437.5	47315.8	0.867286	6279.49
440	47322.9	0.867184	6285.23
442.5	47350.1	0.866662	6313.56
445	47356.7	0.866703	6312.51
447.5	47344.9	0.866814	6305.69
450	47339.9	0.867229	6285.36
452.5	47393.1	0.866048	6348.38
455	47362.7	0.866759	6310.64
457.5	47383.6	0.866389	6330.95
460	47389.2	0.866302	6335.84
462.5	47392.7	0.86637	6333.07
465	47404.2	0.866128	6346.11
467.5	47376.2	0.866581	6320.88
470	47435.1	0.865643	6373.25
472.5	47507.7	0.864487	6437.91
475	47424	0.865975	6356.01
477.5	47404	0.866432	6331.67
480	47467.7	0.86524	6396.75
482.5	47469.7	0.865247	6396.71
485	47539.5	0.863938	6468.32
487.5	47432.2	0.865968	6357.4
490	47441.7	0.865837	6364.91
492.5	47458.2	0.865634	6376.79
495	47496.6	0.865009	6411.63
497.5	47482	0.865351	6393.42
500	47507.8	0.864868	6419.84
502.5	47492.8	0.865113	6406.17
505	47500.4	0.865112	6407.26
507.5	47486.2	0.865252	6398.68
510	47478.5	0.865923	6365.79
512.5	47538.7	0.864538	6439.71
515	47565	0.863799	6478.41
517.5	47554.6	0.864349	6450.8
520	47623.6	0.863337	6508.4
522.5	47596.8	0.863649	6489.88
525	47549.1	0.864511	6442.4
527.5	47556	0.864422	6447.55
530	47569.7	0.864201	6459.91
532.5	47571.6	0.864194	6460.53
535	47586.1	0.863937	6474.7
537.5	47595.8	0.863858	6479.79
540	47588.8	0.864	6472.1
542.5	47591.6	0.864012	6471.91
545	47619.4	0.863545	6497.9
547.5	47614.3	0.863676	6490.99
550	47635.5	0.863374	6508.23
552.5	47705.8	0.862507	6559.2
555	47590.9	0.864093	6467.92
557.5	47625.5	0.863692	6491.73
560	47602.1	0.864041	6471.93
562.5	47721.1	0.861978	6586.55
565	47666	0.863025	6529.03
567.5	47656.3	0.863226	6518.16
570	47650.5	0.863382	6509.93
572.5	47639.8	0.863456	6504.91
575	47676.7	0.862964	6533.44
577.5	47768.5	0.861584	6611.92
580	47752.6	0.861294	6623.56
582.5	47717.6	0.862924	6540.94
585	47729.8	0.861751	6598.62
587.5	47697.3	0.862974	6535.79
590	47715.2	0.862554	6558.29
592.5	47743.6	0.86196	6590.52
595	47726.5	0.862403	6567.05
597.5	47739.9	0.862157	6580.63
600	47703.7	0.8628	6544.93
602.5	47736.4	0.862348	6571.02
605	47782.7	0.86154	6615.99
607.5	47778.2	0.861642	6610.51
610	47754.6	0.862151	6582.9
612.5	47780.4	0.861567	6614.4
615	47795.3	0.861479	6620.65
617.5	47796.6	0.861567	6616.6
620	47791.8	0.86133	6627.3
622.5	47796.9	0.861814	6604.83
625	47843.3	0.861043	6648.19
627.5	47729.2	0.860896	6639.33
630	47874	0.863952	6513.14
632.5	48029.7	0.854302	6997.84
635	47512.5	0.866673	6334.7
637.5	48023.8	0.862559	6600.42
640	47822.5	0.856223	6875.79
642.5	47710.7	0.865264	6428.35
645	48090.5	0.856476	6902.12
647.5	47871	0.859659	6718.25
650	47974.6	0.858995	6764.64
652.5	48017.4	0.858409	6798.82
655	47909.2	0.859927	6710.8
657.5	47895.5	0.860213	6695.16
660	47854.7	0.861148	6644.74
662.5	47859.7	0.860885	6658.02
665	47935.4	0.859607	6729.81
667.5	47900.3	0.86044	6684.95
670	47907.1	0.860166	6699.04
672.5	47952.5	0.85944	6740.19
675	47925	0.859992	6709.9
677.5	47958.6	0.859416	6742.23
680	47957.4	0.859448	6740.52
682.5	47996	0.858826	6775.81
685	47948.2	0.85971	6726.66
687.5	47982.8	0.859125	6759.61
690	47963.1	0.859496	6739.02
692.5	48026.2	0.858402	6800.41
695	47998.1	0.858924	6771.36
697.5	47969.8	0.859436	6742.8
700	47970.9	0.859524	6738.78
702.5	47989.7	0.859206	6756.69
705	47951.3	0.859932	6716.44
707.5	48047.3	0.858219	6812.17
710	48049.9	0.858234	6811.83
712.5	48026.1	0.858728	6784.74
715	47997	0.859281	6754.09
717.5	48019.5	0.858851	6777.89
720	48040	0.858559	6794.81
722.5	48039.3	0.858583	6793.55
725	48076.2	0.858078	6823.05
727.5	48058.1	0.858375	6806.24
730	48112.9	0.857391	6861.31
732.5	48098.9	0.857728	6843.13
735	48082.4	0.858254	6815.5
737.5	48134.1	0.857042	6881.15
740	48075.3	0.858212	6816.51
742.5	48157.9	0.856769	6897.71
745	48075.4	0.858211	6816.55
747.5	48120	0.857474	6858.35
750	48089.1	0.85803	6827.21
752.5	48146.3	0.857054	6882.29
755	48110.8	0.857772	6842.7
757.5	48136.4	0.857319	6868.13
760	48120.4	0.85766	6849.45
762.5	48139.7	0.857351	6867.07
765	48089.3	0.858246	6816.84
767.5	48171	0.856757	6900.14
770	48144.7	0.857369	6866.9
772.5	48154.8	0.857503	6861.89
775	48001.7	0.860105	6715.19
777.5	48089.2	0.858137	6822.06
780	48153.8	0.857201	6876.31
782.5	48315.5	0.854578	7026.15
785	48255.2	0.855696	6963.4
787.5	48165.1	0.857162	6879.82
790	48287.5	0.855084	6997.66
792.5	48220	0.856288	6929.82
795	48202	0.856631	6910.68
797.5	48260.7	0.855607	6968.49
800	48199.5	0.856702	6906.9
802.5	48195.2	0.856893	6897.09
805	48271.8	0.855561	6972.32
807.5	48226.8	0.85642	6924.4
810	48256.3	0.855931	6952.26
812.5	48294.1	0.855236	6991.23
815	48189.5	0.857102	6886.17
817.5	48301.9	0.855225	6992.92
820	48236.8	0.856313	6931.01
822.5	48266.4	0.855843	6957.93
825	48270.5	0.855872	6957.12
827.5	48334.9	0.854727	7021.77
830	48305.3	0.855199	6994.64

Scattering (Csca), Extinction (Cext) and Backscattering (Cback) Cross Sections:
WL(nm)	Csca(um^2)	Cext(um^2)	Cback(um^2)
390	471.644	471.644	279.533
392.5	472.267	472.267	372.717
395	472.081	472.081	315.109
397.5	471.991	471.991	288.771
400	471.838	471.838	257.501
402.5	472.201	472.201	328.346
405	472.253	472.253	281.381
407.5	472.21	472.21	239.123
410	472.8	472.8	341.929
412.5	472.637	472.637	332.135
415	472.413	472.413	314.958
417.5	472.283	472.283	286.76
420	472.702	472.702	323.875
422.5	474.105	474.105	283.529
425	474.317	474.317	172.128
427.5	472.788	472.788	250.005
430	473.994	473.994	358.098
432.5	472.695	472.695	232.748
435	473.949	473.949	385.118
437.5	473.158	473.158	313.224
440	473.229	473.229	405.501
442.5	473.501	473.501	472.081
445	473.567	473.567	329.634
447.5	473.449	473.449	307.448
450	473.399	473.399	262.258
452.5	473.931	473.931	338.279
455	473.627	473.627	309.63
457.5	473.836	473.836	312.935
460	473.892	473.892	352.657
462.5	473.927	473.927	340.432
465	474.042	474.042	333.459
467.5	473.762	473.762	301.21
470	474.351	474.351	338.356
472.5	475.077	475.077	470.043
475	474.24	474.24	315.111
477.5	474.04	474.04	292.045
480	474.677	474.677	347.531
482.5	474.697	474.697	359.629
485	475.395	475.395	324.157
487.5	474.322	474.322	328.825
490	474.417	474.417	269.699
492.5	474.582	474.582	297.043
495	474.966	474.966	363.08
497.5	474.82	474.82	329.599
500	475.078	475.078	298.265
502.5	474.928	474.928	322.088
505	475.004	475.004	302.162
507.5	474.862	474.862	320.46
510	474.785	474.785	270.277
512.5	475.387	475.387	320.894
515	475.65	475.65	352.746
517.5	475.546	475.546	350.8
520	476.236	476.236	279.539
522.5	475.968	475.968	288.461
525	475.491	475.491	323.674
527.5	475.56	475.56	326.43
530	475.697	475.697	321.549
532.5	475.716	475.716	306.982
535	475.861	475.861	386.696
537.5	475.958	475.958	341.126
540	475.888	475.888	302.248
542.5	475.916	475.916	297.215
545	476.194	476.194	328.636
547.5	476.143	476.143	319.282
550	476.355	476.355	333.063
552.5	477.058	477.058	373.72
555	475.909	475.909	285.739
557.5	476.255	476.255	293.32
560	476.021	476.021	264.215
562.5	477.211	477.211	364.907
565	476.66	476.66	307.044
567.5	476.563	476.563	285.546
570	476.505	476.505	277.271
572.5	476.398	476.398	291.998
575	476.767	476.767	288.572
577.5	477.685	477.685	412.029
580	477.526	477.526	368.1
582.5	477.176	477.176	348.467
585	477.298	477.298	330.078
587.5	476.973	476.973	295.379
590	477.152	477.152	314.264
592.5	477.436	477.436	300.013
595	477.265	477.265	305.435
597.5	477.399	477.399	307.472
600	477.037	477.037	276.35
602.5	477.364	477.364	306.781
605	477.827	477.827	314.926
607.5	477.782	477.782	342.742
610	477.546	477.546	282.22
612.5	477.804	477.804	304.282
615	477.953	477.953	342.814
617.5	477.966	477.966	295.341
620	477.918	477.918	332.552
622.5	477.969	477.969	303.396
625	478.433	478.433	322.417
627.5	477.292	477.292	315.604
630	478.74	478.74	302.226
632.5	480.297	480.297	358.122
635	475.125	475.125	344.233
637.5	480.238	480.238	142.225
640	478.225	478.225	480.315
642.5	477.107	477.107	210.284
645	480.905	480.905	399.957
647.5	478.71	478.71	313.871
650	479.746	479.746	302.545
652.5	480.174	480.174	576.055
655	479.092	479.092	306.718
657.5	478.955	478.955	344.71
660	478.547	478.547	282.684
662.5	478.596	478.596	191.914
665	479.354	479.354	490.73
667.5	479.003	479.003	190.902
670	479.071	479.071	267.022
672.5	479.525	479.525	374.061
675	479.25	479.25	277.889
677.5	479.586	479.586	383.091
680	479.574	479.574	287.554
682.5	479.96	479.96	348.837
685	479.482	479.482	309.416
687.5	479.828	479.828	351.371
690	479.631	479.631	296.48
692.5	480.262	480.262	313.538
695	479.981	479.981	308.017
697.5	479.698	479.698	354.381
700	479.709	479.709	233.841
702.5	479.897	479.897	337.432
705	479.513	479.513	310.506
707.5	480.473	480.473	319.006
710	480.499	480.499	336.71
712.5	480.261	480.261	305.955
715	479.97	479.97	283.257
717.5	480.195	480.195	297.098
720	480.4	480.4	319.054
722.5	480.393	480.393	317.475
725	480.762	480.762	364.36
727.5	480.581	480.581	294.812
730	481.129	481.129	351.58
732.5	480.989	480.989	332.514
735	480.824	480.824	294.34
737.5	481.341	481.341	360.845
740	480.753	480.753	310.619
742.5	481.579	481.579	394.647
745	480.754	480.754	278.623
747.5	481.2	481.2	321.567
750	480.891	480.891	263.402
752.5	481.463	481.463	351.298
755	481.108	481.108	301.864
757.5	481.364	481.364	310.072
760	481.204	481.204	303.274
762.5	481.397	481.397	310.5
765	480.893	480.893	306.594
767.5	481.71	481.71	354.95
770	481.447	481.447	300.111
772.5	481.548	481.548	290.813
775	480.017	480.017	257.505
777.5	480.892	480.892	283.152
780	481.538	481.538	286.608
782.5	483.155	483.155	421.393
785	482.552	482.552	319.336
787.5	481.651	481.651	284.871
790	482.875	482.875	379.005
792.5	482.2	482.2	281.031
795	482.02	482.02	314.803
797.5	482.607	482.607	356.055
800	481.995	481.995	255.712
802.5	481.952	481.952	287.025
805	482.718	482.718	338.589
807.5	482.268	482.268	318.41
810	482.563	482.563	330.261
812.5	482.941	482.941	337.414
815	481.895	481.895	276.681
817.5	483.019	483.019	398.76
820	482.368	482.368	299.679
822.5	482.664	482.664	329.175
825	482.705	482.705	314.35
827.5	483.349	483.349	331.908
830	483.053	483.053	286.602

Forward and Backward Scattering percentages:
WL(nm)	Forward %	Backward %
390	96.5248	3.47521
392.5	96.5051	3.49489
395	96.5286	3.47139
397.5	96.5327	3.46728
400	96.5533	3.44667
402.5	96.5256	3.4744
405	96.5221	3.47792
407.5	96.5292	3.47083
410	96.4777	3.52225
412.5	96.4979	3.50211
415	96.5087	3.49133
417.5	96.5227	3.47729
420	96.481	3.51899
422.5	96.4061	3.59385
425	96.3934	3.60661
427.5	96.4924	3.50763
430	96.4464	3.55357
432.5	96.4876	3.51239
435	96.4543	3.54574
437.5	96.4845	3.51546
440	96.4795	3.52047
442.5	96.4608	3.53919
445	96.4606	3.53943
447.5	96.467	3.53303
450	96.4927	3.50732
452.5	96.4377	3.56232
455	96.4651	3.53493
457.5	96.4535	3.54648
460	96.4523	3.54773
462.5	96.4578	3.54221
465	96.4418	3.5582
467.5	96.4472	3.55282
470	96.419	3.58103
472.5	96.3745	3.6255
475	96.4435	3.55649
477.5	96.4685	3.53152
480	96.4164	3.58355
482.5	96.4206	3.57937
485	96.3733	3.62665
487.5	96.45	3.55003
490	96.4293	3.57067
492.5	96.4377	3.56233
495	96.4058	3.5942
497.5	96.414	3.58599
500	96.3901	3.60992
502.5	96.4064	3.59363
505	96.4063	3.59366
507.5	96.4105	3.58952
510	96.4441	3.55585
512.5	96.3838	3.61623
515	96.3636	3.63642
517.5	96.4078	3.59223
520	96.3586	3.6414
522.5	96.3658	3.63415
525	96.3886	3.61139
527.5	96.3831	3.61694
530	96.3801	3.61987
532.5	96.3765	3.62348
535	96.3666	3.63344
537.5	96.3726	3.62741
540	96.3788	3.62122
542.5	96.3665	3.63353
545	96.3621	3.63788
547.5	96.3645	3.63545
550	96.3497	3.65028
552.5	96.3481	3.65188
555	96.3883	3.6117
557.5	96.3622	3.63778
560	96.3753	3.62472
562.5	96.309	3.69096
565	96.3427	3.65727
567.5	96.3553	3.64468
570	96.356	3.64396
572.5	96.3605	3.63952
575	96.3421	3.65788
577.5	96.2734	3.7266
580	96.2625	3.73746
582.5	96.3573	3.64273
585	96.274	3.72601
587.5	96.3482	3.65185
590	96.3223	3.67771
592.5	96.2988	3.70119
595	96.3262	3.67382
597.5	96.3161	3.68386
600	96.3445	3.65555
602.5	96.3158	3.68416
605	96.2792	3.72076
607.5	96.2938	3.70616
610	96.315	3.68502
612.5	96.2916	3.70842
615	96.285	3.71502
617.5	96.2908	3.70922
620	96.2832	3.71681
622.5	96.3042	3.69576
625	96.285	3.715
627.5	96.2424	3.75764
630	96.3646	3.63543
632.5	96.1013	3.89873
635	96.421	3.57896
637.5	96.2917	3.70833
640	96.2051	3.79489
642.5	96.3715	3.62851
645	96.0496	3.95039
647.5	96.2548	3.74523
650	96.2046	3.79542
652.5	96.0844	3.91559
655	96.2678	3.73224
657.5	96.2611	3.73886
660	96.2777	3.72232
662.5	96.2758	3.72423
665	96.2318	3.76823
667.5	96.2542	3.74577
670	96.2467	3.75327
672.5	96.2197	3.78035
675	96.243	3.757
677.5	96.2148	3.78524
680	96.2287	3.77131
682.5	96.1868	3.81321
685	96.2284	3.77163
687.5	96.2036	3.7964
690	96.2188	3.7812
692.5	96.1836	3.81643
695	96.2146	3.78537
697.5	96.2074	3.7926
700	96.2307	3.76932
702.5	96.2172	3.78281
705	96.2415	3.75847
707.5	96.1785	3.82147
710	96.1909	3.80905
712.5	96.1973	3.80267
715	96.2137	3.78632
717.5	96.2005	3.79953
720	96.195	3.80499
722.5	96.185	3.81501
725	96.1568	3.8432
727.5	96.1944	3.80564
730	96.16	3.83999
732.5	96.148	3.85204
735	96.1967	3.80329
737.5	96.1385	3.86154
740	96.1867	3.81333
742.5	96.1054	3.89461
745	96.1721	3.82794
747.5	96.1383	3.86174
750	96.1746	3.82545
752.5	96.1356	3.8644
755	96.1721	3.82792
757.5	96.1495	3.8505
760	96.1533	3.8467
762.5	96.1628	3.83716
765	96.1784	3.82159
767.5	96.1415	3.85848
770	96.1579	3.84215
772.5	96.1709	3.8291
775	96.2772	3.72284
777.5	96.1987	3.80131
780	96.1547	3.84531
782.5	96.051	3.94898
785	96.0855	3.91447
787.5	96.1273	3.87267
790	96.0812	3.91882
792.5	96.1192	3.88077
795	96.1253	3.87475
797.5	96.087	3.91303
800	96.1334	3.86656
802.5	96.1484	3.85162
805	96.0783	3.92168
807.5	96.1203	3.87969
810	96.1025	3.89746
812.5	96.0633	3.93668
815	96.152	3.848
817.5	96.0546	3.94542
820	96.1134	3.88663
822.5	96.0908	3.90921
825	96.0916	3.90844
827.5	96.0444	3.95565
830	96.08	3.91998

