Simulation parameters:

Distribution: Poly Disperse - Log Normal 
Number of discrete sphere sizes: 101
Mean diameter of spheres: 16.5 um
Std. deviation: 0.25 um
Total Concentration (Spheres in a volume of 1mm^3): 1e+08

Wavelength Range: 390nm to 830nm in 2.5nm steps

Sphere and Medium Data:
Dia.(um)	Num. Den.(in a vol. of 1mm^3)	Ref. Index of sphere (real | imag)
5.9095	2038	1.333	0	1
6.2569	4794	1.333	0	1
6.6043	10260	1.333	0	1
6.9517	20227	1.333	0	1
7.2991	37102	1.333	0	1
7.6465	63857	1.333	0	1
7.9939	103874	1.333	0	1
8.3413	160679	1.333	0	1
8.6887	237611	1.333	0	1
9.0361	337453	1.333	0	1
9.3835	462092	1.333	0	1
9.7309	612244	1.333	0	1
10.0783	787277	1.333	0	1
10.4257	985164	1.333	0	1
10.7731	1.20256e+06	1.333	0	1
11.1205	1.43496e+06	1.333	0	1
11.4679	1.677e+06	1.333	0	1
11.8153	1.92274e+06	1.333	0	1
12.1627	2.16604e+06	1.333	0	1
12.5101	2.40085e+06	1.333	0	1
12.8575	2.6215e+06	1.333	0	1
13.2049	2.823e+06	1.333	0	1
13.5523	3.00116e+06	1.333	0	1
13.8997	3.15271e+06	1.333	0	1
14.2471	3.27539e+06	1.333	0	1
14.5945	3.3679e+06	1.333	0	1
14.9419	3.42989e+06	1.333	0	1
15.2893	3.46182e+06	1.333	0	1
15.6367	3.46489e+06	1.333	0	1
15.9841	3.44092e+06	1.333	0	1
16.3315	3.39216e+06	1.333	0	1
16.6789	3.32121e+06	1.333	0	1
17.0263	3.23089e+06	1.333	0	1
17.3737	3.12411e+06	1.333	0	1
17.7211	3.00377e+06	1.333	0	1
18.0685	2.87273e+06	1.333	0	1
18.4159	2.73367e+06	1.333	0	1
18.7633	2.58911e+06	1.333	0	1
19.1107	2.44133e+06	1.333	0	1
19.4581	2.29239e+06	1.333	0	1
19.8055	2.14406e+06	1.333	0	1
20.1529	1.99789e+06	1.333	0	1
20.5003	1.85517e+06	1.333	0	1
20.8477	1.71694e+06	1.333	0	1
21.1951	1.58406e+06	1.333	0	1
21.5425	1.45715e+06	1.333	0	1
21.8899	1.33666e+06	1.333	0	1
22.2373	1.22291e+06	1.333	0	1
22.5847	1.11605e+06	1.333	0	1
22.9321	1.01613e+06	1.333	0	1
23.2795	923083	1.333	0	1
23.6269	836788	1.333	0	1
23.9743	757044	1.333	0	1
24.3217	683602	1.333	0	1
24.6691	616179	1.333	0	1
25.0165	554463	1.333	0	1
25.3639	498126	1.333	0	1
25.7113	446832	1.333	0	1
26.0587	400241	1.333	0	1
26.4061	358020	1.333	0	1
26.7535	319837	1.333	0	1
27.1009	285377	1.333	0	1
27.4483	254335	1.333	0	1
27.7957	226420	1.333	0	1
28.1431	201360	1.333	0	1
28.4905	178897	1.333	0	1
28.8379	158792	1.333	0	1
29.1854	140822	1.333	0	1
29.5328	124782	1.333	0	1
29.8802	110482	1.333	0	1
30.2276	97749	1.333	0	1
30.575	86422	1.333	0	1
30.9224	76357	1.333	0	1
31.2698	67422	1.333	0	1
31.6172	59497	1.333	0	1
31.9646	52475	1.333	0	1
32.312	46258	1.333	0	1
32.6594	40757	1.333	0	1
33.0068	35893	1.333	0	1
33.3542	31597	1.333	0	1
33.7016	27803	1.333	0	1
34.049	24456	1.333	0	1
34.3964	21504	1.333	0	1
34.7438	18902	1.333	0	1
35.0912	16610	1.333	0	1
35.4386	14591	1.333	0	1
35.786	12815	1.333	0	1
36.1334	11251	1.333	0	1
36.4808	9877	1.333	0	1
36.8282	8668	1.333	0	1
37.1756	7606	1.333	0	1
37.523	6673	1.333	0	1
37.8704	5854	1.333	0	1
38.2178	5134	1.333	0	1
38.5652	4502	1.333	0	1
38.9126	3948	1.333	0	1
39.26	3461	1.333	0	1
39.6074	3034	1.333	0	1
39.9548	2660	1.333	0	1
40.3022	2332	1.333	0	1
40.6496	2044	1.333	0	1


Output:


Scattering Coefficient (us), g and Reduced Scattering Coefficient (us'):
WL(nm)	us(mm^-1)	g	us'(mm^-1)
390	50158.3	0.868914	6575.03
392.5	50173	0.868662	6589.63
395	50153.7	0.869077	6566.27
397.5	50168.6	0.868928	6575.69
400	50255.6	0.867208	6673.54
402.5	50193.2	0.868401	6605.37
405	50194.7	0.86856	6597.6
407.5	50207.2	0.868463	6604.11
410	50223.8	0.868198	6619.58
412.5	50178.8	0.868926	6577.12
415	50232.1	0.868108	6625.22
417.5	50214.2	0.868464	6604.98
420	50253	0.8679	6638.42
422.5	50238.7	0.868155	6623.73
425	50275.6	0.867611	6655.94
427.5	50253.9	0.867941	6636.5
430	50305.3	0.867939	6643.34
432.5	50343.7	0.86713	6689.15
435	50313.2	0.868849	6598.65
437.5	50117.6	0.874647	6282.37
440	50168.1	0.870109	6516.41
442.5	50408	0.865097	6800.17
445	50268.8	0.868097	6630.61
447.5	50290.1	0.867387	6669.11
450	50336.1	0.866988	6695.3
452.5	50348.2	0.866786	6707.1
455	50339.3	0.867057	6692.26
457.5	50340	0.867032	6693.61
460	50347.1	0.867041	6694.12
462.5	50351.4	0.866755	6709.07
465	50359.4	0.866914	6702.15
467.5	50390.8	0.866317	6736.4
470	50456.1	0.865274	6797.77
472.5	50385.4	0.866512	6725.82
475	50407.3	0.866171	6745.97
477.5	50404	0.866274	6740.3
480	50465.6	0.865247	6800.41
482.5	50419.3	0.866288	6741.67
485	50437.7	0.865805	6768.49
487.5	50408.9	0.866245	6742.45
490	50440	0.865874	6765.32
492.5	50436.2	0.866065	6755.19
495	50480.8	0.86524	6802.8
497.5	50462.6	0.865597	6782.33
500	50537.6	0.864515	6847.09
502.5	50541.3	0.864366	6855.1
505	50499.9	0.86509	6812.95
507.5	50484.1	0.865413	6794.49
510	50483.6	0.865391	6795.53
512.5	50474	0.865625	6782.44
515	50493.8	0.865371	6797.91
517.5	50495.3	0.865316	6800.9
520	50558.5	0.86445	6853.2
522.5	50511	0.865014	6818.3
525	50545.4	0.864201	6864.01
527.5	50560.7	0.864191	6866.58
530	50545.8	0.864567	6845.55
532.5	50530.3	0.864996	6821.77
535	50526.2	0.864768	6832.74
537.5	50484.3	0.865706	6779.74
540	50579.5	0.864246	6866.38
542.5	50583.2	0.86426	6866.19
545	50609.9	0.863815	6892.31
547.5	50568.9	0.864586	6847.73
550	50617.2	0.863812	6893.48
552.5	50623.8	0.863642	6902.95
555	50628.1	0.863664	6902.46
557.5	50602.2	0.864155	6874.06
560	50654.9	0.863294	6924.8
562.5	50624.2	0.863943	6887.76
565	50635	0.86367	6903.06
567.5	50647.1	0.863558	6910.39
570	50757.7	0.861772	7016.14
572.5	50598.5	0.864436	6859.33
575	50691.3	0.862982	6945.59
577.5	50623.7	0.864041	6882.75
580	50689.5	0.863032	6942.84
582.5	50729.3	0.862411	6979.81
585	50721.6	0.862591	6969.61
587.5	50712.3	0.862719	6961.85
590	50762.1	0.861711	7019.85
592.5	50716	0.862769	6959.8
595	50679.7	0.863548	6915.34
597.5	50719.2	0.862504	6973.71
600	50723.1	0.862986	6949.77
602.5	50779.7	0.861732	7021.22
605	50745.2	0.862327	6986.24
607.5	50756.9	0.862427	6982.76
610	50756.7	0.862243	6992.09
612.5	50738.8	0.86264	6969.47
615	50771.8	0.86207	7002.94
617.5	50770.9	0.862189	6996.79
620	50769.8	0.862234	6994.34
622.5	50769.9	0.862277	6992.17
625	50777.9	0.862144	7000.04
627.5	50833.4	0.861352	7047.95
630	50786.9	0.862078	7004.65
632.5	50807.6	0.861697	7026.82
635	50833.3	0.861473	7041.78
637.5	50835	0.861428	7044.32
640	50803.9	0.861622	7030.13
642.5	50871.7	0.8615	7045.72
645	50895.6	0.860038	7123.44
647.5	50799.9	0.86088	7067.27
650	50909.6	0.864173	6914.91
652.5	51032.9	0.853941	7453.81
655	50534.8	0.86773	6684.23
657.5	51101.4	0.861703	7067.16
660	50858.1	0.856223	7312.24
662.5	50745	0.8651	6845.52
665	51152.5	0.856879	7320.99
667.5	51032.5	0.857511	7271.59
670	51161.2	0.856962	7317.99
672.5	50809.1	0.862438	6989.39
675	50975.5	0.859582	7157.89
677.5	51003.1	0.859105	7186.08
680	50914.2	0.860715	7091.56
682.5	50923.7	0.860559	7100.86
685	50999.7	0.859124	7184.66
687.5	50982.1	0.859745	7150.49
690	50947.2	0.860224	7121.18
692.5	51022.6	0.858952	7196.62
695	50980.3	0.859742	7150.41
697.5	50992.3	0.859588	7159.93
700	50987.3	0.859677	7154.71
702.5	50999.8	0.859546	7163.13
705	51008.9	0.859387	7172.52
707.5	51000.8	0.859609	7160.05
710	51033.2	0.859061	7192.58
712.5	51022.1	0.859271	7180.31
715	51049.3	0.858832	7206.52
717.5	51035.6	0.85915	7188.37
720	51060.6	0.858755	7212.07
722.5	51038.9	0.859129	7189.92
725	51060	0.85883	7208.11
727.5	51085	0.858476	7229.77
730	51022.3	0.859476	7169.85
732.5	51066.1	0.858763	7212.42
735	51127.6	0.857805	7270.11
737.5	51070.4	0.858867	7207.7
740	51066.5	0.858881	7206.43
742.5	51089.4	0.858559	7226.12
745	51108.5	0.858251	7244.59
747.5	51065.6	0.859101	7195.08
750	51089.3	0.858668	7220.58
752.5	51205.8	0.856844	7330.42
755	51127.3	0.858071	7256.42
757.5	51114.5	0.858458	7234.86
760	51151.9	0.85794	7266.65
762.5	51177.2	0.85738	7298.92
765	51147	0.857931	7266.4
767.5	51172.8	0.857532	7290.5
770	51226.5	0.856627	7344.48
772.5	51151	0.857912	7267.94
775	51210.3	0.856904	7327.97
777.5	51165.2	0.857692	7281.23
780	51165.4	0.857777	7276.89
782.5	51169.7	0.857711	7280.88
785	51169.6	0.857746	7279.06
787.5	51176.1	0.857699	7282.39
790	51192.2	0.857547	7292.51
792.5	51172.8	0.857836	7274.91
795	51184.7	0.85752	7292.82
797.5	51341.9	0.855136	7437.59
800	51307.9	0.856376	7369.05
802.5	51150.1	0.858392	7243.25
805	51254.6	0.856617	7349.04
807.5	51285	0.856091	7380.38
810	51377.6	0.854751	7462.53
812.5	51214.9	0.857337	7306.49
815	51301.3	0.855918	7391.58
817.5	51266.7	0.856554	7354.03
820	51258.7	0.856675	7346.67
822.5	51301.8	0.855974	7388.78
825	51259.1	0.856702	7345.33
827.5	51254.5	0.856862	7336.45
830	51324.7	0.855766	7402.74

Scattering (Csca), Extinction (Cext) and Backscattering (Cback) Cross Sections:
WL(nm)	Csca(um^2)	Cext(um^2)	Cback(um^2)
390	501.583	501.583	335.358
392.5	501.73	501.73	372.381
395	501.537	501.537	350.616
397.5	501.686	501.686	346.278
400	502.556	502.556	414.96
402.5	501.932	501.932	362.085
405	501.947	501.947	335.366
407.5	502.072	502.072	371.26
410	502.238	502.238	359.51
412.5	501.788	501.788	273.846
415	502.321	502.321	344.859
417.5	502.142	502.142	313.347
420	502.53	502.53	365.722
422.5	502.387	502.387	327.954
425	502.756	502.756	369.552
427.5	502.539	502.539	326.268
430	503.052	503.052	315.19
432.5	503.437	503.437	358.353
435	503.132	503.132	293.041
437.5	501.176	501.176	193.868
440	501.681	501.681	333.68
442.5	504.08	504.08	430.151
445	502.688	502.688	316.378
447.5	502.901	502.901	332.835
450	503.361	503.361	374.429
452.5	503.482	503.482	317.378
455	503.393	503.393	135.627
457.5	503.4	503.4	258.182
460	503.471	503.471	362.437
462.5	503.514	503.514	367.09
465	503.594	503.594	313.693
467.5	503.908	503.908	342.335
470	504.561	504.561	466.765
472.5	503.854	503.854	319.708
475	504.073	504.073	368.939
477.5	504.04	504.04	326.837
480	504.656	504.656	440.234
482.5	504.193	504.193	304.375
485	504.377	504.377	350.069
487.5	504.089	504.089	303.807
490	504.4	504.4	318.821
492.5	504.362	504.362	333.853
495	504.808	504.808	369.591
497.5	504.626	504.626	359.177
500	505.376	505.376	332.314
502.5	505.413	505.413	440.055
505	504.999	504.999	327.241
507.5	504.841	504.841	349.309
510	504.836	504.836	327.077
512.5	504.74	504.74	306.185
515	504.938	504.938	336.164
517.5	504.953	504.953	375.345
520	505.585	505.585	354.073
522.5	505.11	505.11	302.06
525	505.454	505.454	340.976
527.5	505.607	505.607	388.864
530	505.458	505.458	319.81
532.5	505.303	505.303	324.667
535	505.262	505.262	269.97
537.5	504.843	504.843	392.607
540	505.795	505.795	337.801
542.5	505.832	505.832	325.263
545	506.099	506.099	389.844
547.5	505.689	505.689	321.044
550	506.172	506.172	374.106
552.5	506.238	506.238	287.233
555	506.281	506.281	326.258
557.5	506.022	506.022	324.631
560	506.549	506.549	346.555
562.5	506.242	506.242	327.506
565	506.35	506.35	322.166
567.5	506.471	506.471	316.977
570	507.577	507.577	363.309
572.5	505.985	505.985	312.205
575	506.913	506.913	349.353
577.5	506.237	506.237	280.986
580	506.895	506.895	338.071
582.5	507.293	507.293	359.748
585	507.216	507.216	365.27
587.5	507.123	507.123	349.622
590	507.621	507.621	389.436
592.5	507.16	507.16	313.479
595	506.797	506.797	276.843
597.5	507.192	507.192	308.606
600	507.231	507.231	312.506
602.5	507.797	507.797	340.212
605	507.452	507.452	329.597
607.5	507.569	507.569	328.671
610	507.567	507.567	312.497
612.5	507.388	507.388	330.228
615	507.718	507.718	295.093
617.5	507.709	507.709	322.723
620	507.698	507.698	328.121
622.5	507.699	507.699	303.162
625	507.779	507.779	311.162
627.5	508.334	508.334	351.001
630	507.869	507.869	280.153
632.5	508.076	508.076	354.337
635	508.333	508.333	345.283
637.5	508.35	508.35	334.719
640	508.039	508.039	324.796
642.5	508.717	508.717	319.806
645	508.956	508.956	365.956
647.5	507.999	507.999	336.766
650	509.096	509.096	298.202
652.5	510.329	510.329	382.258
655	505.348	505.348	348.43
657.5	511.014	511.014	161.456
660	508.581	508.581	510.803
662.5	507.45	507.45	229.894
665	511.525	511.525	398.444
667.5	510.325	510.325	366.687
670	511.612	511.612	634.904
672.5	508.091	508.091	351.797
675	509.755	509.755	333.977
677.5	510.031	510.031	406.007
680	509.142	509.142	410.143
682.5	509.237	509.237	117.477
685	509.997	509.997	590.742
687.5	509.821	509.821	247.103
690	509.472	509.472	296.724
692.5	510.226	510.226	438.852
695	509.803	509.803	329.786
697.5	509.923	509.923	339.007
700	509.873	509.873	356.846
702.5	509.998	509.998	337.365
705	510.089	510.089	337.521
707.5	510.008	510.008	349.892
710	510.332	510.332	349.119
712.5	510.221	510.221	341.806
715	510.493	510.493	357.398
717.5	510.356	510.356	321.508
720	510.606	510.606	370.435
722.5	510.389	510.389	287.249
725	510.6	510.6	390.702
727.5	510.85	510.85	333.793
730	510.223	510.223	290.806
732.5	510.661	510.661	360.346
735	511.276	511.276	392.846
737.5	510.704	510.704	313.009
740	510.665	510.665	323.517
742.5	510.894	510.894	339.307
745	511.085	511.085	369.262
747.5	510.656	510.656	346.63
750	510.893	510.893	317.528
752.5	512.058	512.058	402.288
755	511.273	511.273	349.008
757.5	511.145	511.145	347.184
760	511.519	511.519	329.92
762.5	511.772	511.772	355.183
765	511.47	511.47	338.238
767.5	511.728	511.728	380.699
770	512.265	512.265	396.637
772.5	511.51	511.51	310.976
775	512.103	512.103	371.461
777.5	511.652	511.652	306.465
780	511.654	511.654	330.173
782.5	511.697	511.697	316.306
785	511.696	511.696	313.969
787.5	511.761	511.761	323.094
790	511.922	511.922	280.048
792.5	511.728	511.728	344.989
795	511.847	511.847	301.9
797.5	513.419	513.419	379.747
800	513.079	513.079	351.092
802.5	511.501	511.501	288.871
805	512.546	512.546	355.614
807.5	512.849	512.849	391.963
810	513.776	513.776	468.898
812.5	512.149	512.149	305.502
815	513.013	513.013	391.368
817.5	512.667	512.667	305.765
820	512.587	512.587	322.042
822.5	513.018	513.018	355.366
825	512.591	512.591	271.944
827.5	512.545	512.545	305.321
830	513.247	513.247	340.667

Forward and Backward Scattering percentages:
WL(nm)	Forward %	Backward %
390	96.5483	3.45168
392.5	96.5228	3.47718
395	96.5401	3.45993
397.5	96.5347	3.46533
400	96.4541	3.54594
402.5	96.5162	3.48382
405	96.5339	3.4661
407.5	96.5225	3.47746
410	96.5149	3.48506
412.5	96.5533	3.44667
415	96.5146	3.48541
417.5	96.5311	3.46892
420	96.5083	3.49169
422.5	96.5108	3.48917
425	96.5096	3.49045
427.5	96.5081	3.49186
430	96.5051	3.49485
432.5	96.4908	3.50916
435	96.5735	3.42648
437.5	96.7526	3.24744
440	96.5993	3.4007
442.5	96.4248	3.57525
445	96.5258	3.47424
447.5	96.5116	3.48841
450	96.4777	3.52235
452.5	96.4673	3.53274
455	96.4748	3.52524
457.5	96.478	3.52196
460	96.4786	3.52138
462.5	96.4602	3.53985
465	96.4771	3.52293
467.5	96.463	3.53696
470	96.4084	3.59164
472.5	96.4539	3.54606
475	96.4483	3.55171
477.5	96.4534	3.54658
480	96.42	3.58004
482.5	96.4578	3.54218
485	96.426	3.57401
487.5	96.4629	3.53709
490	96.44	3.55995
492.5	96.4419	3.55815
495	96.4164	3.58355
497.5	96.4283	3.57167
500	96.374	3.62602
502.5	96.3695	3.63053
505	96.4022	3.59779
507.5	96.4208	3.57919
510	96.4291	3.57093
512.5	96.4281	3.57194
515	96.4217	3.57835
517.5	96.4131	3.58695
520	96.3919	3.60811
522.5	96.4123	3.58771
525	96.3771	3.62292
527.5	96.381	3.61903
530	96.3956	3.60439
532.5	96.4013	3.59868
535	96.375	3.62502
537.5	96.4298	3.57024
540	96.3697	3.63033
542.5	96.3838	3.61624
545	96.3618	3.63821
547.5	96.3984	3.60156
550	96.367	3.633
552.5	96.3666	3.63339
555	96.3565	3.64347
557.5	96.3833	3.61675
560	96.3449	3.65509
562.5	96.3743	3.62567
565	96.3647	3.63532
567.5	96.3664	3.63363
570	96.3032	3.69683
572.5	96.3888	3.61115
575	96.338	3.66198
577.5	96.3753	3.62472
580	96.3378	3.66219
582.5	96.312	3.68796
585	96.3105	3.68948
587.5	96.3257	3.67426
590	96.2846	3.71536
592.5	96.3237	3.67629
595	96.374	3.62597
597.5	96.3349	3.66511
600	96.3181	3.68188
602.5	96.2992	3.70085
605	96.3245	3.67545
607.5	96.3186	3.68136
610	96.3068	3.69321
612.5	96.3235	3.67649
615	96.3033	3.69672
617.5	96.3166	3.68337
620	96.311	3.68897
622.5	96.3173	3.68273
625	96.318	3.682
627.5	96.2728	3.72722
630	96.3102	3.68977
632.5	96.3004	3.69958
635	96.289	3.71102
637.5	96.284	3.71602
640	96.2925	3.70749
642.5	96.2868	3.71322
645	96.2483	3.75167
647.5	96.2378	3.76222
650	96.397	3.60304
652.5	96.0681	3.93187
655	96.4812	3.51881
657.5	96.2615	3.7385
660	96.2051	3.79489
662.5	96.3796	3.62041
665	96.0721	3.92793
667.5	96.2045	3.79548
670	96.0974	3.90257
672.5	96.3307	3.66926
675	96.2242	3.77579
677.5	96.2098	3.79021
680	96.2553	3.74467
682.5	96.2636	3.73636
685	96.2063	3.79365
687.5	96.2291	3.77094
690	96.2467	3.75333
692.5	96.1901	3.80992
695	96.2331	3.76693
697.5	96.2154	3.78459
700	96.2257	3.77427
702.5	96.225	3.77505
705	96.2191	3.78088
707.5	96.2359	3.76407
710	96.2008	3.79918
712.5	96.2063	3.79375
715	96.1987	3.80128
717.5	96.2183	3.78174
720	96.1884	3.81164
722.5	96.2119	3.78814
725	96.1997	3.80026
727.5	96.1897	3.81026
730	96.2136	3.78636
732.5	96.1999	3.80009
735	96.1505	3.84945
737.5	96.197	3.80297
740	96.2001	3.79991
742.5	96.195	3.80499
745	96.1724	3.82763
747.5	96.2082	3.79181
750	96.1935	3.80654
752.5	96.1296	3.87035
755	96.1824	3.81757
757.5	96.1997	3.80033
760	96.1591	3.84094
762.5	96.152	3.84801
765	96.1781	3.82187
767.5	96.145	3.85505
770	96.1256	3.87436
772.5	96.1763	3.82368
775	96.1292	3.87083
777.5	96.1698	3.83017
780	96.156	3.84395
782.5	96.1586	3.84144
785	96.1639	3.83608
787.5	96.1709	3.82915
790	96.1627	3.83729
792.5	96.1664	3.8336
795	96.1555	3.84452
797.5	96.0789	3.92111
800	96.0971	3.90285
802.5	96.1826	3.81744
805	96.1094	3.89056
807.5	96.0723	3.92767
810	96.035	3.96498
812.5	96.1393	3.86068
815	96.1021	3.89785
817.5	96.1216	3.87842
820	96.1219	3.87807
822.5	96.1045	3.89549
825	96.1334	3.86656
827.5	96.1425	3.85753
830	96.1002	3.89976

