Simulation parameters:

Distribution: Poly Disperse - Log Normal 
Number of discrete sphere sizes: 101
Mean diameter of spheres: 17.5 um
Std. deviation: 0.25 um
Total Concentration (Spheres in a volume of 1mm^3): 1e+08

Wavelength Range: 390nm to 830nm in 2.5nm steps

Sphere and Medium Data:
Dia.(um)	Num. Den.(in a vol. of 1mm^3)	Ref. Index of sphere (real | imag)
6.26765	2038	1.333	0	1
6.6361	4794	1.333	0	1
7.00456	10260	1.333	0	1
7.37301	20227	1.333	0	1
7.74147	37102	1.333	0	1
8.10992	63857	1.333	0	1
8.47838	103874	1.333	0	1
8.84683	160679	1.333	0	1
9.21529	237611	1.333	0	1
9.58375	337453	1.333	0	1
9.9522	462092	1.333	0	1
10.3207	612244	1.333	0	1
10.6891	787277	1.333	0	1
11.0576	985164	1.333	0	1
11.426	1.20256e+06	1.333	0	1
11.7945	1.43496e+06	1.333	0	1
12.1629	1.677e+06	1.333	0	1
12.5314	1.92274e+06	1.333	0	1
12.8998	2.16604e+06	1.333	0	1
13.2683	2.40085e+06	1.333	0	1
13.6368	2.6215e+06	1.333	0	1
14.0052	2.823e+06	1.333	0	1
14.3737	3.00116e+06	1.333	0	1
14.7421	3.15271e+06	1.333	0	1
15.1106	3.27539e+06	1.333	0	1
15.479	3.3679e+06	1.333	0	1
15.8475	3.42989e+06	1.333	0	1
16.2159	3.46182e+06	1.333	0	1
16.5844	3.46489e+06	1.333	0	1
16.9529	3.44092e+06	1.333	0	1
17.3213	3.39216e+06	1.333	0	1
17.6898	3.32121e+06	1.333	0	1
18.0582	3.23089e+06	1.333	0	1
18.4267	3.12411e+06	1.333	0	1
18.7951	3.00377e+06	1.333	0	1
19.1636	2.87273e+06	1.333	0	1
19.532	2.73367e+06	1.333	0	1
19.9005	2.58911e+06	1.333	0	1
20.269	2.44133e+06	1.333	0	1
20.6374	2.29239e+06	1.333	0	1
21.0059	2.14406e+06	1.333	0	1
21.3743	1.99789e+06	1.333	0	1
21.7428	1.85517e+06	1.333	0	1
22.1112	1.71694e+06	1.333	0	1
22.4797	1.58406e+06	1.333	0	1
22.8481	1.45715e+06	1.333	0	1
23.2166	1.33666e+06	1.333	0	1
23.5851	1.22291e+06	1.333	0	1
23.9535	1.11605e+06	1.333	0	1
24.322	1.01613e+06	1.333	0	1
24.6904	923083	1.333	0	1
25.0589	836788	1.333	0	1
25.4273	757044	1.333	0	1
25.7958	683602	1.333	0	1
26.1642	616179	1.333	0	1
26.5327	554463	1.333	0	1
26.9011	498126	1.333	0	1
27.2696	446832	1.333	0	1
27.6381	400241	1.333	0	1
28.0065	358020	1.333	0	1
28.375	319837	1.333	0	1
28.7434	285377	1.333	0	1
29.1119	254335	1.333	0	1
29.4803	226420	1.333	0	1
29.8488	201360	1.333	0	1
30.2172	178897	1.333	0	1
30.5857	158792	1.333	0	1
30.9542	140822	1.333	0	1
31.3226	124782	1.333	0	1
31.6911	110482	1.333	0	1
32.0595	97749	1.333	0	1
32.428	86422	1.333	0	1
32.7964	76357	1.333	0	1
33.1649	67422	1.333	0	1
33.5333	59497	1.333	0	1
33.9018	52475	1.333	0	1
34.2703	46258	1.333	0	1
34.6387	40757	1.333	0	1
35.0072	35893	1.333	0	1
35.3756	31597	1.333	0	1
35.7441	27803	1.333	0	1
36.1125	24456	1.333	0	1
36.481	21504	1.333	0	1
36.8494	18902	1.333	0	1
37.2179	16610	1.333	0	1
37.5864	14591	1.333	0	1
37.9548	12815	1.333	0	1
38.3233	11251	1.333	0	1
38.6917	9877	1.333	0	1
39.0602	8668	1.333	0	1
39.4286	7606	1.333	0	1
39.7971	6673	1.333	0	1
40.1655	5854	1.333	0	1
40.534	5134	1.333	0	1
40.9025	4502	1.333	0	1
41.2709	3948	1.333	0	1
41.6394	3461	1.333	0	1
42.0078	3034	1.333	0	1
42.3763	2660	1.333	0	1
42.7447	2332	1.333	0	1
43.1132	2044	1.333	0	1


Output:


Scattering Coefficient (us), g and Reduced Scattering Coefficient (us'):
WL(nm)	us(mm^-1)	g	us'(mm^-1)
390	56331	0.869901	7328.61
392.5	56346.3	0.869738	7339.78
395	56358.7	0.869579	7350.39
397.5	56384.1	0.869455	7360.66
400	56354.3	0.869783	7338.29
402.5	56362.8	0.869668	7345.9
405	56414.1	0.869031	7388.47
407.5	56431	0.868783	7404.7
410	56386.2	0.869438	7361.91
412.5	56408.8	0.869127	7382.4
415	56435.7	0.868768	7406.14
417.5	56422.6	0.868991	7391.86
420	56428	0.868954	7394.68
422.5	56457.3	0.868688	7413.52
425	56450.8	0.869248	7381.04
427.5	56435.5	0.869157	7384.18
430	56485.9	0.868204	7444.6
432.5	56486.4	0.868256	7441.74
435	56471.8	0.86854	7423.79
437.5	56445.4	0.868926	7398.5
440	56486.7	0.868441	7431.34
442.5	56501.8	0.868243	7444.52
445	56519	0.868019	7459.43
447.5	56518.6	0.868068	7456.6
450	56503.2	0.868326	7439.99
452.5	56514.5	0.868288	7443.66
455	56547.2	0.867718	7480.19
457.5	56496.2	0.867682	7475.44
460	56484.2	0.868295	7439.28
462.5	56706.1	0.861683	7843.42
465	56796.9	0.863671	7743.06
467.5	56539.1	0.869239	7393.12
470	56550	0.868083	7459.9
472.5	56600.3	0.867343	7508.4
475	56523.1	0.868429	7436.8
477.5	56595.5	0.867377	7505.89
480	56618	0.867068	7526.35
482.5	56631.6	0.866978	7533.24
485	56630.4	0.866948	7534.82
487.5	56643	0.866899	7539.24
490	56649.6	0.866597	7557.22
492.5	56637.7	0.867143	7524.73
495	56674.1	0.866383	7572.62
497.5	56681.5	0.866409	7572.14
500	56673.2	0.866552	7562.95
502.5	56668	0.866675	7555.26
505	56736.7	0.865648	7622.66
507.5	56727.8	0.865868	7608.99
510	56725.1	0.8659	7606.8
512.5	56702.6	0.866401	7575.43
515	56706.4	0.866274	7583.12
517.5	56746.7	0.865766	7617.34
520	56736.1	0.865906	7608
522.5	56791.7	0.865083	7662.17
525	56785.1	0.86524	7652.37
527.5	56752.2	0.865807	7615.74
530	56745.7	0.866364	7583.24
532.5	56768.4	0.865561	7631.87
535	56778.5	0.865504	7636.51
537.5	56771	0.865617	7629.04
540	56808.9	0.865049	7666.4
542.5	56798.6	0.865299	7650.83
545	56798.7	0.865366	7647.06
547.5	56833	0.864803	7683.67
550	56832.1	0.864933	7676.15
552.5	56863.9	0.864465	7707.03
555	56792.4	0.865404	7644.02
557.5	56785.1	0.865712	7625.53
560	56822.6	0.865192	7660.13
562.5	56803.5	0.865511	7639.46
565	56858.4	0.864702	7692.85
567.5	56794.8	0.865374	7646.02
570	56768.7	0.865943	7610.26
572.5	56898.9	0.864191	7727.38
575	56881.8	0.864532	7705.66
577.5	56926.8	0.863885	7748.6
580	56894.7	0.86443	7713.19
582.5	56883.2	0.864602	7701.89
585	56935.1	0.863781	7755.62
587.5	56940	0.863817	7754.25
590	56973.8	0.863359	7784.94
592.5	57002.7	0.862963	7811.47
595	57026.3	0.862628	7833.81
597.5	56958.9	0.863604	7768.98
600	56971.4	0.863578	7772.17
602.5	57004.7	0.863102	7803.86
605	56988.7	0.862763	7820.95
607.5	56969.1	0.863776	7760.57
610	57048.1	0.862524	7842.76
612.5	56945.8	0.864041	7742.3
615	57026.3	0.862927	7816.75
617.5	57017.4	0.863062	7807.83
620	57023.2	0.862979	7813.39
622.5	57037.6	0.862856	7822.38
625	56964.1	0.864059	7743.74
627.5	57066.1	0.862396	7852.51
630	57034.9	0.863082	7809.11
632.5	57086.7	0.862341	7858.5
635	57073.7	0.862143	7868.02
637.5	57105.3	0.862671	7842.22
640	57088.3	0.861861	7886.14
642.5	57063.2	0.862876	7824.7
645	57094.6	0.862382	7857.26
647.5	57094.4	0.86229	7862.46
650	57113.5	0.862108	7875.49
652.5	57048	0.863133	7807.97
655	57120.6	0.86205	7879.81
657.5	57105.2	0.86231	7862.8
660	57103.3	0.862377	7858.75
662.5	57138.8	0.861859	7893.23
665	57117	0.862271	7866.66
667.5	57191	0.861224	7936.76
670	57141.2	0.861843	7894.44
672.5	57180.9	0.861408	7924.82
675	57185.9	0.861428	7924.36
677.5	57159	0.861616	7909.91
680	57186.7	0.861246	7934.89
682.5	57248.3	0.861592	7923.65
685	57142.9	0.860241	7986.25
687.5	57152.9	0.862543	7856.07
690	57296.5	0.863253	7835.11
692.5	57360.9	0.852953	8434.76
695	56857.1	0.869511	7419.22
697.5	57574.3	0.859602	8083.31
700	57209.5	0.856223	8225.43
702.5	57038.7	0.86562	7664.86
705	57409.8	0.859648	8057.59
707.5	57570.6	0.855488	8319.67
710	57102.8	0.863242	7809.25
712.5	57163	0.861809	7899.4
715	57201.9	0.861719	7909.91
717.5	57244.7	0.860913	7961.99
720	57312.8	0.860008	8023.37
722.5	57327.6	0.859983	8026.83
725	57294.6	0.860223	8008.44
727.5	57345.3	0.859615	8050.39
730	57316.5	0.860233	8010.93
732.5	57321	0.860026	8023.47
735	57355.8	0.859549	8055.66
737.5	57364.7	0.859499	8059.77
740	57343.1	0.859839	8037.27
742.5	57346.7	0.8598	8040
745	57336.7	0.860014	8026.35
747.5	57356.8	0.859719	8046.07
750	57352.1	0.859819	8039.7
752.5	57366.5	0.859647	8051.56
755	57391	0.859307	8074.48
757.5	57402.1	0.859168	8084.07
760	57406.9	0.85912	8087.5
762.5	57405.1	0.859206	8082.29
765	57426.8	0.858898	8103.02
767.5	57407.4	0.859254	8079.86
770	57400.3	0.859432	8068.65
772.5	57444.3	0.858728	8115.29
775	57575.1	0.8569	8239.01
777.5	57422.5	0.859117	8089.83
780	57411.3	0.85923	8081.77
782.5	57489.8	0.858194	8152.42
785	57471.5	0.858475	8133.68
787.5	57469.8	0.858559	8128.56
790	57476.5	0.858472	8134.56
792.5	57411.3	0.859475	8067.7
795	57541	0.857596	8194.07
797.5	57444.4	0.859015	8098.8
800	57488.8	0.85843	8138.67
802.5	57525.4	0.857781	8181.23
805	57453.5	0.858746	8115.55
807.5	57562.7	0.857331	8212.43
810	57587	0.857061	8231.46
812.5	57494.3	0.858357	8143.69
815	57529.8	0.85796	8171.52
817.5	57547.9	0.85774	8186.76
820	57561.3	0.857554	8199.38
822.5	57575.1	0.857449	8207.37
825	57603.3	0.857	8237.26
827.5	57571.2	0.857513	8203.17
830	57550.6	0.857864	8180

Scattering (Csca), Extinction (Cext) and Backscattering (Cback) Cross Sections:
WL(nm)	Csca(um^2)	Cext(um^2)	Cback(um^2)
390	563.31	563.31	380.297
392.5	563.463	563.463	359.069
395	563.587	563.587	387.086
397.5	563.841	563.841	369.662
400	563.543	563.543	371.541
402.5	563.628	563.628	378.239
405	564.141	564.141	439.475
407.5	564.31	564.31	449.891
410	563.862	563.862	369.104
412.5	564.088	564.088	391.285
415	564.357	564.357	391.344
417.5	564.226	564.226	303.398
420	564.28	564.28	364.094
422.5	564.573	564.573	397.93
425	564.508	564.508	389.858
427.5	564.355	564.355	354.595
430	564.859	564.859	413.039
432.5	564.864	564.864	381.165
435	564.718	564.718	391.608
437.5	564.454	564.454	308.045
440	564.867	564.867	378.512
442.5	565.018	565.018	322.535
445	565.19	565.19	387.345
447.5	565.186	565.186	426.794
450	565.032	565.032	355.84
452.5	565.145	565.145	353.192
455	565.472	565.472	384.222
457.5	564.962	564.962	379.268
460	564.842	564.842	367.29
462.5	567.061	567.061	432.234
465	567.969	567.969	267.612
467.5	565.391	565.391	283.665
470	565.5	565.5	390.278
472.5	566.003	566.003	321.187
475	565.231	565.231	406.293
477.5	565.955	565.955	336.423
480	566.18	566.18	349.962
482.5	566.316	566.316	178.098
485	566.304	566.304	355.59
487.5	566.43	566.43	526.371
490	566.496	566.496	350.76
492.5	566.377	566.377	325.349
495	566.741	566.741	387.906
497.5	566.815	566.815	373.035
500	566.732	566.732	362.032
502.5	566.68	566.68	344.221
505	567.366	567.366	410.66
507.5	567.278	567.278	379.991
510	567.251	567.251	343.779
512.5	567.026	567.026	413.998
515	567.064	567.064	352.378
517.5	567.467	567.467	388.743
520	567.361	567.361	393.519
522.5	567.917	567.917	421.449
525	567.851	567.851	415.748
527.5	567.522	567.522	351.912
530	567.457	567.457	379.854
532.5	567.684	567.684	372.828
535	567.785	567.785	346.729
537.5	567.71	567.71	371.358
540	568.089	568.089	393.185
542.5	567.986	567.986	364.633
545	567.987	567.987	391.833
547.5	568.33	568.33	406.816
550	568.321	568.321	407.319
552.5	568.639	568.639	407.664
555	567.924	567.924	353.893
557.5	567.851	567.851	363.725
560	568.226	568.226	351.592
562.5	568.035	568.035	366.971
565	568.584	568.584	346.863
567.5	567.948	567.948	286.29
570	567.687	567.687	397.882
572.5	568.989	568.989	378.413
575	568.818	568.818	355.693
577.5	569.268	569.268	423.008
580	568.947	568.947	374.054
582.5	568.832	568.832	336.152
585	569.351	569.351	476.906
587.5	569.4	569.4	386.437
590	569.738	569.738	351.109
592.5	570.027	570.027	415.033
595	570.263	570.263	396.91
597.5	569.589	569.589	399.129
600	569.714	569.714	401.145
602.5	570.047	570.047	387.405
605	569.887	569.887	402.729
607.5	569.691	569.691	366.971
610	570.481	570.481	423.544
612.5	569.458	569.458	316.077
615	570.263	570.263	395.299
617.5	570.174	570.174	380.851
620	570.232	570.232	409.259
622.5	570.376	570.376	368.281
625	569.641	569.641	306.168
627.5	570.661	570.661	435.745
630	570.349	570.349	384.961
632.5	570.867	570.867	379.776
635	570.737	570.737	382.704
637.5	571.053	571.053	379.539
640	570.883	570.883	362.784
642.5	570.632	570.632	358.941
645	570.946	570.946	409.871
647.5	570.944	570.944	368.96
650	571.135	571.135	374.773
652.5	570.48	570.48	329.499
655	571.206	571.206	375.601
657.5	571.052	571.052	361.904
660	571.033	571.033	346.626
662.5	571.388	571.388	365.299
665	571.17	571.17	358.807
667.5	571.91	571.91	411.134
670	571.412	571.412	357.979
672.5	571.809	571.809	410.164
675	571.859	571.859	383.963
677.5	571.59	571.59	369.906
680	571.867	571.867	362.065
682.5	572.483	572.483	368.195
685	571.429	571.429	383.107
687.5	571.529	571.529	388.637
690	572.965	572.965	293.852
692.5	573.609	573.609	474.437
695	568.571	568.571	335.073
697.5	575.743	575.743	243.159
700	572.095	572.095	574.595
702.5	570.387	570.387	256.43
705	574.098	574.098	364.744
707.5	575.706	575.706	521.138
710	571.028	571.028	418.213
712.5	571.63	571.63	364.256
715	572.019	572.019	231.453
717.5	572.447	572.447	304.344
720	573.128	573.128	502.434
722.5	573.276	573.276	251.466
725	572.946	572.946	376.723
727.5	573.453	573.453	571.953
730	573.165	573.165	229.234
732.5	573.21	573.21	311.488
735	573.558	573.558	445.253
737.5	573.647	573.647	359.951
740	573.431	573.431	370.863
742.5	573.467	573.467	375.57
745	573.367	573.367	348.77
747.5	573.568	573.568	351.788
750	573.521	573.521	389.041
752.5	573.665	573.665	360.201
755	573.91	573.91	371.989
757.5	574.021	574.021	360.287
760	574.069	574.069	377.716
762.5	574.051	574.051	412.887
765	574.268	574.268	319.937
767.5	574.074	574.074	375.933
770	574.003	574.003	429.251
772.5	574.443	574.443	389.463
775	575.751	575.751	497.369
777.5	574.225	574.225	367.402
780	574.113	574.113	343.938
782.5	574.898	574.898	357.84
785	574.715	574.715	411.296
787.5	574.698	574.698	381.681
790	574.765	574.765	366.164
792.5	574.113	574.113	342.839
795	575.41	575.41	430.456
797.5	574.444	574.444	342.453
800	574.888	574.888	350.311
802.5	575.254	575.254	373.465
805	574.535	574.535	365.835
807.5	575.627	575.627	410.82
810	575.87	575.87	439.159
812.5	574.943	574.943	342.099
815	575.298	575.298	341.508
817.5	575.479	575.479	372.576
820	575.613	575.613	292.863
822.5	575.751	575.751	369.154
825	576.033	576.033	382.4
827.5	575.712	575.712	384.91
830	575.506	575.506	345.43

Forward and Backward Scattering percentages:
WL(nm)	Forward %	Backward %
390	96.5701	3.42989
392.5	96.5655	3.43448
395	96.5654	3.43459
397.5	96.5632	3.43684
400	96.5702	3.4298
402.5	96.5601	3.43988
405	96.5513	3.44873
407.5	96.5377	3.46231
410	96.5585	3.4415
412.5	96.5473	3.45266
415	96.5335	3.46654
417.5	96.5411	3.45892
420	96.5451	3.45488
422.5	96.5468	3.45321
425	96.5653	3.43468
427.5	96.5631	3.43689
430	96.5103	3.4897
432.5	96.5228	3.47715
435	96.5243	3.4757
437.5	96.5533	3.44667
440	96.5275	3.47247
442.5	96.5234	3.47663
445	96.5076	3.49238
447.5	96.5109	3.48911
450	96.5245	3.47549
452.5	96.5234	3.47663
455	96.499	3.501
457.5	96.5057	3.49432
460	96.4909	3.50906
462.5	96.3002	3.69985
465	96.3217	3.67832
467.5	96.5034	3.49655
470	96.5267	3.47326
472.5	96.4955	3.50453
475	96.5232	3.47681
477.5	96.4897	3.5103
480	96.4813	3.51868
482.5	96.4689	3.53111
485	96.4754	3.52463
487.5	96.4708	3.52917
490	96.4558	3.5442
492.5	96.4839	3.51615
495	96.4585	3.54151
497.5	96.4538	3.54616
500	96.4636	3.53641
502.5	96.4685	3.53149
505	96.4288	3.57123
507.5	96.4342	3.56584
510	96.449	3.55103
512.5	96.4481	3.55189
515	96.4485	3.55152
517.5	96.4312	3.56884
520	96.4459	3.55411
522.5	96.4083	3.59171
525	96.4164	3.58355
527.5	96.4404	3.55956
530	96.4417	3.5583
532.5	96.4167	3.58328
535	96.4381	3.56192
537.5	96.4253	3.57466
540	96.411	3.58903
542.5	96.4181	3.58194
545	96.4215	3.57845
547.5	96.4021	3.59786
550	96.4047	3.59531
552.5	96.3867	3.61328
555	96.4178	3.58221
557.5	96.4334	3.56662
560	96.4151	3.5849
562.5	96.4198	3.5802
565	96.3918	3.60818
567.5	96.407	3.59304
570	96.4486	3.55145
572.5	96.3848	3.61516
575	96.3984	3.60159
577.5	96.3725	3.62754
580	96.3905	3.6095
582.5	96.4038	3.59619
585	96.3632	3.6368
587.5	96.366	3.63395
590	96.3517	3.6483
592.5	96.3394	3.66062
595	96.3418	3.6582
597.5	96.3628	3.63724
600	96.3543	3.64566
602.5	96.3479	3.65208
605	96.3025	3.69749
607.5	96.3589	3.6411
610	96.3256	3.67442
612.5	96.3753	3.62472
615	96.3256	3.67437
617.5	96.3436	3.65644
620	96.3333	3.66666
622.5	96.3273	3.67267
625	96.3812	3.61883
627.5	96.323	3.67702
630	96.341	3.65902
632.5	96.3267	3.67332
635	96.2784	3.72163
637.5	96.3583	3.64166
640	96.2856	3.7144
642.5	96.3446	3.65536
645	96.3217	3.67828
647.5	96.3252	3.67476
650	96.3007	3.69931
652.5	96.3507	3.6493
655	96.3085	3.69146
657.5	96.3148	3.68516
660	96.3222	3.67779
662.5	96.3007	3.69933
665	96.3166	3.68342
667.5	96.2756	3.72438
670	96.3052	3.69476
672.5	96.2923	3.70771
675	96.285	3.715
677.5	96.2954	3.70457
680	96.2824	3.71762
682.5	96.2957	3.70434
685	96.2542	3.74577
687.5	96.2718	3.72823
690	96.4172	3.58277
692.5	95.982	4.01798
695	96.5696	3.43041
697.5	96.1702	3.82981
700	96.2051	3.79489
702.5	96.4129	3.58714
705	96.1982	3.80185
707.5	96.1133	3.88672
710	96.3856	3.61439
712.5	96.3295	3.67048
715	96.3137	3.68633
717.5	96.2676	3.73245
720	96.2347	3.76527
722.5	96.241	3.759
725	96.2325	3.76749
727.5	96.2303	3.76971
730	96.2495	3.75047
732.5	96.2373	3.76265
735	96.2209	3.77914
737.5	96.2268	3.77318
740	96.2313	3.76875
742.5	96.2257	3.77429
745	96.2463	3.75374
747.5	96.2314	3.76862
750	96.2304	3.76963
752.5	96.2315	3.7685
755	96.2076	3.79242
757.5	96.2178	3.78218
760	96.2194	3.78055
762.5	96.2193	3.78074
765	96.1992	3.80078
767.5	96.212	3.78804
770	96.2325	3.7675
772.5	96.1941	3.80591
775	96.1378	3.8622
777.5	96.2035	3.79654
780	96.2154	3.78459
782.5	96.1817	3.81832
785	96.1769	3.8231
787.5	96.195	3.80499
790	96.1839	3.81607
792.5	96.2347	3.76531
795	96.1418	3.85824
797.5	96.2015	3.79851
800	96.1888	3.81121
802.5	96.167	3.83298
805	96.2084	3.79164
807.5	96.157	3.84299
810	96.1446	3.85537
812.5	96.1939	3.80608
815	96.1659	3.83413
817.5	96.1553	3.84469
820	96.1517	3.84833
822.5	96.1651	3.83492
825	96.1433	3.85668
827.5	96.149	3.851
830	96.1696	3.83044

