Simulation parameters:

Distribution: Poly Disperse - Log Normal 
Number of discrete sphere sizes: 101
Mean diameter of spheres: 6 um
Std. deviation: 0.25 um
Total Concentration (Spheres in a volume of 1mm^3): 1e+08

Wavelength Range: 390nm to 830nm in 2.5nm steps

Sphere and Medium Data:
Dia.(um)	Num. Den.(in a vol. of 1mm^3)	Ref. Index of sphere (real | imag)
2.14891	2038	1.333	0	1
2.27523	4794	1.333	0	1
2.40156	10260	1.333	0	1
2.52789	20227	1.333	0	1
2.65422	37102	1.333	0	1
2.78055	63857	1.333	0	1
2.90687	103874	1.333	0	1
3.0332	160679	1.333	0	1
3.15953	237611	1.333	0	1
3.28586	337453	1.333	0	1
3.41218	462092	1.333	0	1
3.53851	612244	1.333	0	1
3.66484	787277	1.333	0	1
3.79117	985164	1.333	0	1
3.91749	1.20256e+06	1.333	0	1
4.04382	1.43496e+06	1.333	0	1
4.17015	1.677e+06	1.333	0	1
4.29648	1.92274e+06	1.333	0	1
4.4228	2.16604e+06	1.333	0	1
4.54913	2.40085e+06	1.333	0	1
4.67546	2.6215e+06	1.333	0	1
4.80179	2.823e+06	1.333	0	1
4.92811	3.00116e+06	1.333	0	1
5.05444	3.15271e+06	1.333	0	1
5.18077	3.27539e+06	1.333	0	1
5.3071	3.3679e+06	1.333	0	1
5.43342	3.42989e+06	1.333	0	1
5.55975	3.46182e+06	1.333	0	1
5.68608	3.46489e+06	1.333	0	1
5.81241	3.44092e+06	1.333	0	1
5.93873	3.39216e+06	1.333	0	1
6.06506	3.32121e+06	1.333	0	1
6.19139	3.23089e+06	1.333	0	1
6.31772	3.12411e+06	1.333	0	1
6.44404	3.00377e+06	1.333	0	1
6.57037	2.87273e+06	1.333	0	1
6.6967	2.73367e+06	1.333	0	1
6.82303	2.58911e+06	1.333	0	1
6.94936	2.44133e+06	1.333	0	1
7.07568	2.29239e+06	1.333	0	1
7.20201	2.14406e+06	1.333	0	1
7.32834	1.99789e+06	1.333	0	1
7.45467	1.85517e+06	1.333	0	1
7.58099	1.71694e+06	1.333	0	1
7.70732	1.58406e+06	1.333	0	1
7.83365	1.45715e+06	1.333	0	1
7.95998	1.33666e+06	1.333	0	1
8.0863	1.22291e+06	1.333	0	1
8.21263	1.11605e+06	1.333	0	1
8.33896	1.01613e+06	1.333	0	1
8.46529	923083	1.333	0	1
8.59161	836788	1.333	0	1
8.71794	757044	1.333	0	1
8.84427	683602	1.333	0	1
8.9706	616179	1.333	0	1
9.09692	554463	1.333	0	1
9.22325	498126	1.333	0	1
9.34958	446832	1.333	0	1
9.47591	400241	1.333	0	1
9.60223	358020	1.333	0	1
9.72856	319837	1.333	0	1
9.85489	285377	1.333	0	1
9.98122	254335	1.333	0	1
10.1075	226420	1.333	0	1
10.2339	201360	1.333	0	1
10.3602	178897	1.333	0	1
10.4865	158792	1.333	0	1
10.6129	140822	1.333	0	1
10.7392	124782	1.333	0	1
10.8655	110482	1.333	0	1
10.9918	97749	1.333	0	1
11.1182	86422	1.333	0	1
11.2445	76357	1.333	0	1
11.3708	67422	1.333	0	1
11.4971	59497	1.333	0	1
11.6235	52475	1.333	0	1
11.7498	46258	1.333	0	1
11.8761	40757	1.333	0	1
12.0025	35893	1.333	0	1
12.1288	31597	1.333	0	1
12.2551	27803	1.333	0	1
12.3814	24456	1.333	0	1
12.5078	21504	1.333	0	1
12.6341	18902	1.333	0	1
12.7604	16610	1.333	0	1
12.8868	14591	1.333	0	1
13.0131	12815	1.333	0	1
13.1394	11251	1.333	0	1
13.2657	9877	1.333	0	1
13.3921	8668	1.333	0	1
13.5184	7606	1.333	0	1
13.6447	6673	1.333	0	1
13.771	5854	1.333	0	1
13.8974	5134	1.333	0	1
14.0237	4502	1.333	0	1
14.15	3948	1.333	0	1
14.2764	3461	1.333	0	1
14.4027	3034	1.333	0	1
14.529	2660	1.333	0	1
14.6553	2332	1.333	0	1
14.7817	2044	1.333	0	1


Output:


Scattering Coefficient (us), g and Reduced Scattering Coefficient (us'):
WL(nm)	us(mm^-1)	g	us'(mm^-1)
390	6851.14	0.850287	1025.7
392.5	6850.62	0.850606	1023.44
395	6865.79	0.8488	1038.11
397.5	6861.55	0.84943	1033.14
400	6861.63	0.84946	1032.95
402.5	6867.31	0.848873	1037.84
405	6870.95	0.848605	1040.22
407.5	6857.11	0.850259	1026.79
410	6864.03	0.849402	1033.71
412.5	6873.43	0.848312	1042.62
415	6877.21	0.847923	1045.87
417.5	6889.74	0.846486	1057.67
420	6888.53	0.846659	1056.29
422.5	6895.48	0.845849	1062.94
425	6880.45	0.847811	1047.13
427.5	6881.57	0.847994	1046.04
430	6894.15	0.846286	1059.73
432.5	6890.34	0.846321	1058.9
435	6891.73	0.846967	1054.66
437.5	6897.71	0.84667	1057.63
440	6895.93	0.845641	1064.45
442.5	6894.65	0.846489	1058.41
445	6903.28	0.846084	1062.53
447.5	6899.53	0.846056	1062.14
450	6911.57	0.844249	1076.48
452.5	6898.48	0.846344	1059.99
455	6906.77	0.846318	1061.45
457.5	6919.36	0.844186	1078.13
460	6911.49	0.843595	1080.99
462.5	6907.35	0.844433	1074.55
465	6907.33	0.846702	1058.88
467.5	6918.33	0.847649	1054.01
470	6957.47	0.840155	1112.12
472.5	6921.61	0.836326	1132.89
475	6836.34	0.853365	1002.45
477.5	6942.38	0.853406	1017.71
480	7031.67	0.829277	1200.47
482.5	6912.6	0.836529	1130.01
485	6860.39	0.853077	1007.95
487.5	6981.26	0.841939	1103.47
490	6911.64	0.845629	1066.95
492.5	6939.59	0.841611	1099.16
495	6952.53	0.840128	1111.51
497.5	6915.08	0.844951	1072.18
500	6943.38	0.842507	1093.53
502.5	6951.18	0.841798	1099.69
505	6933.05	0.843528	1084.83
507.5	6952.17	0.841074	1104.88
510	6948.05	0.841765	1099.43
512.5	6949.38	0.841807	1099.34
515	6951.8	0.841573	1101.35
517.5	6954.77	0.841263	1103.98
520	6959.48	0.840743	1108.35
522.5	6957.76	0.841009	1106.22
525	6959.13	0.840924	1107.03
527.5	6964.84	0.840301	1112.28
530	6964.66	0.840438	1111.3
532.5	6964.7	0.840475	1111.05
535	6968.25	0.840125	1114.05
537.5	6969.38	0.840075	1114.58
540	6970.26	0.840019	1115.11
542.5	6967.58	0.840422	1111.87
545	6971.23	0.840031	1115.18
547.5	6985.5	0.838399	1128.86
550	6976.57	0.839506	1119.7
552.5	7001.28	0.836706	1143.27
555	6983.54	0.838916	1124.93
557.5	6983.52	0.838963	1124.61
560	6988.53	0.838413	1129.25
562.5	6996.38	0.837559	1136.5
565	7000.24	0.837176	1139.81
567.5	6994.71	0.837811	1134.47
570	6996.3	0.837773	1134.99
572.5	7011.78	0.836008	1149.88
575	6999.21	0.837578	1136.82
577.5	7002.27	0.837256	1139.58
580	6996.88	0.838067	1133.03
582.5	7022.06	0.835042	1158.35
585	7008.41	0.83668	1144.61
587.5	7010.59	0.836614	1145.44
590	7020.12	0.835589	1154.19
592.5	7000.59	0.838003	1134.08
595	7010.08	0.836846	1143.72
597.5	7002.62	0.837804	1135.8
600	7008.56	0.837139	1141.42
602.5	7009.07	0.837268	1140.6
605	7018.25	0.836243	1149.29
607.5	7031.68	0.834778	1161.79
610	7027.13	0.835392	1156.72
612.5	7024.63	0.835546	1155.23
615	7033.52	0.834758	1162.24
617.5	7018.75	0.836537	1147.31
620	7034.62	0.834657	1163.13
622.5	7024.62	0.836039	1151.76
625	7031.98	0.83518	1159.01
627.5	7043.6	0.833906	1169.9
630	7038.75	0.834541	1164.62
632.5	7043.14	0.83403	1168.95
635	7031.73	0.83553	1156.51
637.5	7042.71	0.834338	1166.71
640	7041.09	0.834388	1166.09
642.5	7052.57	0.83335	1175.31
645	7047.42	0.834017	1169.75
647.5	7048.54	0.833953	1170.39
650	7062.04	0.832141	1185.43
652.5	7043.42	0.834819	1163.44
655	7082.18	0.829986	1204.07
657.5	7032.24	0.836202	1151.87
660	7076.84	0.830693	1198.16
662.5	7034.32	0.836028	1153.43
665	7063	0.832606	1182.3
667.5	7056.66	0.833577	1174.39
670	7059.45	0.83322	1177.37
672.5	7073.73	0.831645	1190.9
675	7069.9	0.832113	1186.94
677.5	7066.52	0.832542	1183.35
680	7072.22	0.832105	1187.39
682.5	7070.03	0.832375	1185.12
685	7070.98	0.83219	1186.58
687.5	7083.42	0.830848	1198.17
690	7088.29	0.830473	1201.66
692.5	7086.03	0.830829	1198.75
695	7081.67	0.831356	1194.28
697.5	7086.3	0.83084	1198.72
700	7090.65	0.830337	1203.02
702.5	7083.6	0.831274	1195.19
705	7089.36	0.830668	1200.45
707.5	7080.3	0.83189	1190.27
710	7098.38	0.829687	1208.94
712.5	7092.01	0.830442	1202.51
715	7085.94	0.831543	1193.68
717.5	7106.25	0.829207	1213.7
720	7098.61	0.829414	1210.92
722.5	7086.51	0.83164	1193.08
725	7085.19	0.831844	1191.42
727.5	7145.11	0.825239	1248.69
730	7090.89	0.830141	1204.45
732.5	7080.03	0.832763	1184.04
735	7134.69	0.826408	1238.53
737.5	7141.2	0.825328	1247.37
740	7078.02	0.832514	1185.47
742.5	7126.13	0.827364	1230.22
745	7164.37	0.823217	1266.54
747.5	7095.65	0.830798	1200.6
750	7106.91	0.829628	1210.82
752.5	7124.11	0.827801	1226.76
755	7123.31	0.827879	1226.07
757.5	7124.01	0.827855	1226.36
760	7122.96	0.828069	1224.66
762.5	7121.17	0.828311	1222.62
765	7129.13	0.82742	1230.34
767.5	7129.44	0.827442	1230.24
770	7123.28	0.828234	1223.54
772.5	7130.12	0.827519	1229.81
775	7133.05	0.827327	1231.68
777.5	7140.17	0.826469	1239.04
780	7143.07	0.826167	1241.7
782.5	7136.24	0.827034	1234.33
785	7137.19	0.826965	1234.99
787.5	7143.57	0.826399	1240.13
790	7132.16	0.827749	1228.52
792.5	7132.76	0.827611	1229.61
795	7144.41	0.826357	1240.58
797.5	7145.44	0.826272	1241.36
800	7149.86	0.825903	1244.77
802.5	7156.92	0.825206	1250.99
805	7148.3	0.825962	1244.08
807.5	7155.34	0.825686	1247.28
810	7172.96	0.823265	1267.71
812.5	7141.19	0.827291	1233.35
815	7183.82	0.82251	1275.06
817.5	7144.8	0.826641	1238.62
820	7183.07	0.822842	1272.54
822.5	7150.33	0.826095	1243.48
825	7168.26	0.824501	1258.02
827.5	7161.01	0.825157	1252.05
830	7164.36	0.825005	1253.73

Scattering (Csca), Extinction (Cext) and Backscattering (Cback) Cross Sections:
WL(nm)	Csca(um^2)	Cext(um^2)	Cback(um^2)
390	68.5114	68.5114	37.9387
392.5	68.5062	68.5062	39.3337
395	68.6579	68.6579	45.5525
397.5	68.6155	68.6155	45.5037
400	68.6163	68.6163	44.6769
402.5	68.6731	68.6731	44.8831
405	68.7095	68.7095	44.6081
407.5	68.5711	68.5711	38.8861
410	68.6403	68.6403	40.474
412.5	68.7343	68.7343	42.5076
415	68.7721	68.7721	43.8582
417.5	68.8974	68.8974	49.3195
420	68.8853	68.8853	50.4625
422.5	68.9548	68.9548	50.2442
425	68.8045	68.8045	41.6551
427.5	68.8157	68.8157	42.6504
430	68.9415	68.9415	47.8891
432.5	68.9034	68.9034	50.7503
435	68.9173	68.9173	40.9618
437.5	68.9771	68.9771	47.2953
440	68.9593	68.9593	47.9942
442.5	68.9465	68.9465	43.5334
445	69.0328	69.0328	46.1908
447.5	68.9953	68.9953	41.6811
450	69.1157	69.1157	45.77
452.5	68.9848	68.9848	44.4959
455	69.0677	69.0677	43.4612
457.5	69.1936	69.1936	45.865
460	69.1149	69.1149	50.0959
462.5	69.0735	69.0735	48.4085
465	69.0733	69.0733	38.6516
467.5	69.1833	69.1833	39.2233
470	69.5747	69.5747	52.2428
472.5	69.2161	69.2161	56.0021
475	68.3634	68.3634	31.7986
477.5	69.4238	69.4238	24.8279
480	70.3167	70.3167	81.7784
482.5	69.126	69.126	56.7328
485	68.6039	68.6039	20.2807
487.5	69.8126	69.8126	34.2265
490	69.1164	69.1164	50.9654
492.5	69.3959	69.3959	42.7779
495	69.5253	69.5253	26.0646
497.5	69.1508	69.1508	34.4679
500	69.4337	69.4337	67.9689
502.5	69.5118	69.5118	33.6501
505	69.3305	69.3305	26.4047
507.5	69.5217	69.5217	42.6374
510	69.4805	69.4805	54.0541
512.5	69.4938	69.4938	44.4005
515	69.518	69.518	38.6202
517.5	69.5477	69.5477	45.7128
520	69.5948	69.5948	49.2623
522.5	69.5776	69.5776	45.3794
525	69.5913	69.5913	34.7893
527.5	69.6484	69.6484	48.8721
530	69.6466	69.6466	52.1726
532.5	69.647	69.647	41.1408
535	69.6825	69.6825	40.2655
537.5	69.6938	69.6938	43.1534
540	69.7026	69.7026	44.278
542.5	69.6758	69.6758	43.4244
545	69.7123	69.7123	42.8487
547.5	69.855	69.855	49.6792
550	69.7657	69.7657	42.8298
552.5	70.0128	70.0128	51.0924
555	69.8354	69.8354	43.1211
557.5	69.8352	69.8352	42.0054
560	69.8853	69.8853	44.5286
562.5	69.9638	69.9638	53.1103
565	70.0024	70.0024	50.4161
567.5	69.9471	69.9471	42.688
570	69.963	69.963	39.7388
572.5	70.1178	70.1178	48.1918
575	69.9921	69.9921	42.0848
577.5	70.0227	70.0227	43.7904
580	69.9688	69.9688	43.032
582.5	70.2206	70.2206	56.0661
585	70.0841	70.0841	45.9035
587.5	70.1059	70.1059	45.1004
590	70.2012	70.2012	50.5715
592.5	70.0059	70.0059	40.6841
595	70.1008	70.1008	40.5408
597.5	70.0262	70.0262	39.6153
600	70.0856	70.0856	40.8043
602.5	70.0907	70.0907	40.211
605	70.1825	70.1825	43.362
607.5	70.3168	70.3168	43.9569
610	70.2713	70.2713	46.7906
612.5	70.2463	70.2463	44.3467
615	70.3352	70.3352	42.3171
617.5	70.1875	70.1875	40.0684
620	70.3462	70.3462	46.4762
622.5	70.2462	70.2462	40.2825
625	70.3198	70.3198	37.9532
627.5	70.436	70.436	44.381
630	70.3875	70.3875	44.6163
632.5	70.4314	70.4314	44.7317
635	70.3173	70.3173	38.9508
637.5	70.4271	70.4271	42.4855
640	70.4109	70.4109	40.5091
642.5	70.5257	70.5257	46.2601
645	70.4742	70.4742	42.4117
647.5	70.4854	70.4854	43.8787
650	70.6204	70.6204	42.667
652.5	70.4342	70.4342	42.4066
655	70.8218	70.8218	50.0794
657.5	70.3224	70.3224	35.6851
660	70.7684	70.7684	46.9545
662.5	70.3432	70.3432	35.4901
665	70.63	70.63	44.3812
667.5	70.5666	70.5666	37.6313
670	70.5945	70.5945	42.1015
672.5	70.7373	70.7373	45.6843
675	70.6989	70.6989	46.0635
677.5	70.6652	70.6652	42.5955
680	70.7222	70.7222	43.4777
682.5	70.7003	70.7003	43.6068
685	70.7098	70.7098	39.2433
687.5	70.8342	70.8342	47.4039
690	70.8829	70.8829	42.4776
692.5	70.8603	70.8603	42.0395
695	70.8167	70.8167	38.9286
697.5	70.863	70.863	39.7224
700	70.9065	70.9065	41.7172
702.5	70.836	70.836	41.1397
705	70.8936	70.8936	41.9475
707.5	70.803	70.803	39.9871
710	70.9838	70.9838	45.0088
712.5	70.9201	70.9201	45.4475
715	70.8594	70.8594	42.3093
717.5	71.0625	71.0625	42.9544
720	70.9861	70.9861	44.4929
722.5	70.8651	70.8651	40.7838
725	70.8519	70.8519	39.0609
727.5	71.4511	71.4511	56.1551
730	70.9089	70.9089	42.2742
732.5	70.8003	70.8003	37.6565
735	71.3469	71.3469	47.0189
737.5	71.412	71.412	55.954
740	70.7802	70.7802	35.1222
742.5	71.2613	71.2613	48.3858
745	71.6437	71.6437	67.6109
747.5	70.9565	70.9565	33.8554
750	71.0691	71.0691	41.0571
752.5	71.2411	71.2411	53.3489
755	71.2331	71.2331	36.2911
757.5	71.2401	71.2401	47.756
760	71.2296	71.2296	48.3529
762.5	71.2117	71.2117	39.9511
765	71.2913	71.2913	46.65
767.5	71.2944	71.2944	47.9314
770	71.2328	71.2328	42.5065
772.5	71.3012	71.3012	45.0988
775	71.3305	71.3305	43.9379
777.5	71.4017	71.4017	46.1503
780	71.4307	71.4307	47.4177
782.5	71.3624	71.3624	43.6801
785	71.3719	71.3719	41.5902
787.5	71.4357	71.4357	47.2562
790	71.3216	71.3216	41.8854
792.5	71.3276	71.3276	42.3573
795	71.4441	71.4441	47.2126
797.5	71.4544	71.4544	43.8964
800	71.4986	71.4986	45.5934
802.5	71.5692	71.5692	47.0022
805	71.483	71.483	43.7063
807.5	71.5534	71.5534	45.9598
810	71.7296	71.7296	49.3539
812.5	71.4119	71.4119	42.7265
815	71.8382	71.8382	50.8909
817.5	71.448	71.448	42.6237
820	71.8307	71.8307	50.291
822.5	71.5033	71.5033	41.5456
825	71.6826	71.6826	47.8186
827.5	71.6101	71.6101	43.316
830	71.6436	71.6436	47.0574

Forward and Backward Scattering percentages:
WL(nm)	Forward %	Backward %
390	95.9261	4.07392
392.5	95.9224	4.07759
395	95.8406	4.15942
397.5	95.8777	4.12228
400	95.8817	4.11834
402.5	95.8596	4.14037
405	95.8576	4.14239
407.5	95.932	4.06802
410	95.8953	4.10474
412.5	95.8582	4.14178
415	95.8296	4.17042
417.5	95.7664	4.23357
420	95.7909	4.20905
422.5	95.7313	4.26865
425	95.83	4.16999
427.5	95.8417	4.1583
430	95.7685	4.23147
432.5	95.7665	4.23355
435	95.7728	4.22723
437.5	95.8176	4.18238
440	95.7444	4.2556
442.5	95.7953	4.20474
445	95.7593	4.24069
447.5	95.7671	4.23295
450	95.7099	4.29014
452.5	95.7849	4.2151
455	95.7626	4.23743
457.5	95.7035	4.29652
460	95.6977	4.30225
462.5	95.7113	4.28874
465	95.7296	4.27036
467.5	95.8385	4.16145
470	95.6933	4.30666
472.5	95.3431	4.65691
475	95.9867	4.01329
477.5	96.1368	3.86319
480	95.0069	4.99308
482.5	95.6057	4.39434
485	95.9909	4.00912
487.5	95.5146	4.48542
490	95.8245	4.17554
492.5	95.651	4.34899
495	95.6675	4.33247
497.5	95.7335	4.2665
500	95.5927	4.40733
502.5	95.6348	4.36525
505	95.6825	4.31748
507.5	95.6061	4.39394
510	95.6168	4.38325
512.5	95.6343	4.36569
515	95.6037	4.39634
517.5	95.5845	4.4155
520	95.616	4.38398
522.5	95.5932	4.40682
525	95.5608	4.43923
527.5	95.5825	4.41748
530	95.5812	4.4188
532.5	95.5831	4.41694
535	95.5648	4.43518
537.5	95.5682	4.43182
540	95.5691	4.43088
542.5	95.5659	4.43415
545	95.5524	4.44761
547.5	95.4953	4.50473
550	95.5414	4.45856
552.5	95.4358	4.5642
555	95.5367	4.46328
557.5	95.526	4.47397
560	95.488	4.51202
562.5	95.4528	4.54719
565	95.452	4.54798
567.5	95.4817	4.51833
570	95.4721	4.52789
572.5	95.4264	4.57359
575	95.49	4.51001
577.5	95.4598	4.5402
580	95.5015	4.49849
582.5	95.3614	4.63856
585	95.4569	4.54306
587.5	95.4414	4.55864
590	95.3825	4.61745
592.5	95.4787	4.52133
595	95.4221	4.57795
597.5	95.4733	4.52667
600	95.4614	4.53857
602.5	95.4718	4.52816
605	95.4301	4.56986
607.5	95.3685	4.63152
610	95.3472	4.65276
612.5	95.401	4.59898
615	95.3937	4.60634
617.5	95.4232	4.57685
620	95.3809	4.61906
622.5	95.4173	4.58274
625	95.3905	4.60949
627.5	95.3352	4.66478
630	95.3665	4.63354
632.5	95.3269	4.67306
635	95.4041	4.59587
637.5	95.3511	4.6489
640	95.3498	4.6502
642.5	95.2972	4.7028
645	95.3422	4.65778
647.5	95.3448	4.65522
650	95.2876	4.71241
652.5	95.343	4.65699
655	95.1982	4.80178
657.5	95.4043	4.59566
660	95.2247	4.77533
662.5	95.4156	4.58438
665	95.3041	4.69586
667.5	95.3197	4.68032
670	95.3252	4.67478
672.5	95.2633	4.73671
675	95.2671	4.73285
677.5	95.2991	4.70095
680	95.278	4.72202
682.5	95.291	4.70899
685	95.2723	4.72769
687.5	95.2277	4.77229
690	95.2255	4.77454
692.5	95.2265	4.77348
695	95.2464	4.75359
697.5	95.2273	4.77269
700	95.1978	4.80224
702.5	95.2565	4.74345
705	95.2082	4.79178
707.5	95.284	4.71599
710	95.2081	4.7919
712.5	95.1982	4.80181
715	95.2451	4.75489
717.5	95.2006	4.79944
720	95.1904	4.80962
722.5	95.2339	4.76614
725	95.3126	4.68737
727.5	95.0106	4.98943
730	95.2371	4.76287
732.5	95.2551	4.7449
735	95.0984	4.90157
737.5	95.0434	4.95665
740	95.294	4.706
742.5	95.0736	4.92645
745	94.9382	5.06183
747.5	95.2835	4.71653
750	95.1902	4.80984
752.5	95.1335	4.86649
755	95.153	4.84701
757.5	95.1225	4.87755
760	95.1396	4.86044
762.5	95.1674	4.83264
765	95.1169	4.88308
767.5	95.1099	4.8901
770	95.1677	4.83228
772.5	95.1308	4.86917
775	95.1277	4.87227
777.5	95.0805	4.9195
780	95.07	4.93004
782.5	95.1186	4.88136
785	95.1316	4.86839
787.5	95.0915	4.90848
790	95.1652	4.83481
792.5	95.156	4.84396
795	95.0705	4.92952
797.5	95.113	4.88702
800	95.0708	4.92922
802.5	95.0715	4.92851
805	95.0856	4.91442
807.5	95.0703	4.92972
810	94.9696	5.03042
812.5	95.1448	4.85525
815	94.9674	5.0326
817.5	95.1282	4.87176
820	94.9515	5.04851
822.5	95.1318	4.86819
825	95.019	4.981
827.5	95.1004	4.89957
830	95.0642	4.93581

